10000 10000
7038 8713
7606 9988
231 7629
236 8727
2545 7869
2051 5119
6227 8013
3477 8603
397 7140
5677 7280
1349 8984
80 522
244 7275
4552 8339
2838 5125
8746 9789
2812 3904
876 1072
1383 8487
7342 9218
25 973
7824 8238
2041 7935
4718 7998
897 902
2839 9901
2153 6190
1223 5502
355 8432
1277 3523
3787 7610
1810 3986
2880 8626
7200 8761
774 7103
610 4228
2074 6018
2681 8682
7514 9594
3859 8129
6213 9259
1330 5749
8231 8454
4733 8656
2584 8978
6811 8656
6606 9190
2157 2754
3798 7395
2992 9217
1170 5238
6328 6472
2616 9869
1071 8908
3151 6995
4206 4416
5461 8284
1079 2841
1328 9998
7312 8305
6751 9958
2123 7492
3621 7146
963 4881
5799 7525
6315 8344
8284 8586
6178 7292
1916 9350
3769 7983
2153 6553
3756 7226
7828 9474
1961 7551
2286 2652
5854 5892
1112 3553
4682 9606
4095 5874
3692 8904
6321 7987
6264 7453
886 5721
2109 6668
3934 4236
2201 3453
6423 6988
695 5372
7649 9364
774 2218
3523 8048
758 7872
901 7692
4467 9839
72 5329
3220 7229
8624 9687
1112 9043
3949 6880
3236 6944
3377 8869
2109 7957
6918 9037
3809 4362
404 1345
6370 6428
7719 8268
2101 9530
8434 8479
1104 7354
1092 3853
2100 5629
5295 5389
3287 4667
2387 2653
5236 5977
7350 9310
6106 7523
7363 7559
3798 3799
2180 9944
3042 4984
7290 7983
380 3738
2547 6210
732 7603
518 5136
7585 9742
2798 6731
1664 9734
3183 4815
3661 5608
113 4040
5166 5221
2886 6026
1537 4711
4293 7282
1843 8164
9749 9930
1318 9282
788 4852
77 559
7382 8043
3127 6088
1763 5202
8108 9904
1895 5587
1124 2034
1378 7283
77 7914
5242 8104
3504 9229
2515 4248
8898 9242
1781 7407
628 9185
2421 5818
1977 6824
1325 3929
285 7799
3423 9240
7733 8687
1489 8992
68 1385
981 3338
3513 4703
2623 7615
4794 7577
5320 6869
3152 4697
925 8775
9218 9489
4182 5737
1279 9532
5826 6677
5532 8445
850 2710
1395 6711
2360 9083
4569 7580
4677 9328
6602 9527
7034 9709
57 6228
7 449
6507 8206
2018 9053
5719 7224
4511 5094
1959 5477
4404 8186
6100 9545
4689 5137
4785 4845
3730 9898
39 3555
8521 9389
3958 5332
1081 1717
1134 1543
6562 8034
2527 9317
8222 9507
4607 9124
7181 8537
5445 8045
2778 6418
7220 9468
7250 9347
882 5119
5837 7751
959 9540
7829 9926
3263 4662
1480 8488
3235 6815
4035 9608
298 5364
514 1956
4719 7537
3545 4991
2292 7585
8904 9167
2123 5561
2118 3002
3437 4411
7807 8302
9596 9660
5622 8472
8319 9911
1545 7018
3374 5294
2018 7201
2193 3792
1149 1312
3805 8900
1973 2476
7179 8891
1057 8139
4104 5520
2851 6128
4053 7918
4626 9537
2855 8233
264 774
6759 6992
7710 9429
2488 4504
4449 7100
5268 7957
3194 4666
5059 9769
8309 9236
4274 7513
2591 4861
3050 9347
7243 7455
3523 4841
6575 6767
6765 8325
4157 9853
2071 5505
6868 7514
77 4452
1460 5351
5670 7829
2105 6846
1222 2032
253 6600
2018 9550
9492 9673
4745 5004
3730 7012
2349 6388
1721 4870
410 841
3181 9170
2615 6278
4762 9559
2248 8965
5403 9821
4422 4472
3488 5385
5222 9251
2522 5269
891 4268
2938 6150
3557 8639
5210 9133
1705 5949
6868 7527
2520 9545
6269 6673
109 5666
3096 8429
5554 5681
1285 7992
6612 8998
1763 4318
507 7432
3502 8824
7058 8038
3228 5552
5234 7396
5588 5679
2360 3527
3908 8694
524 1599
1692 6774
5078 6102
3234 9652
3907 8994
2888 6800
3000 5809
3674 5494
6809 7189
8082 9677
95 4347
826 3334
3909 4085
3375 8315
7105 9402
229 2297
1268 6604
6808 7903
4248 9822
5242 9448
4942 8698
797 3168
687 9712
4278 7486
2963 5230
4676 9747
772 5326
2571 4891
8479 9326
2567 3954
589 7312
4985 6008
1929 4606
3651 8906
3336 3647
4907 6354
6441 8846
142 7266
3160 7622
835 6964
9398 9717
4429 4743
3049 3361
375 2778
5438 6892
3965 9483
3590 4173
691 799
2637 9688
2926 5361
4837 8594
2042 7529
5257 6184
9319 9959
4250 7787
1989 7373
1942 5083
1140 3641
1417 8379
1609 4119
6584 8615
4309 9764
7991 9871
1183 5179
4025 5575
3968 8976
7154 9411
2823 7168
3494 7107
1823 5741
4665 8352
3471 7352
1246 4417
184 6579
5304 8753
2045 9237
1436 3760
3991 9081
2334 6896
1811 3408
711 8459
1053 8425
2478 3871
3775 7736
4673 6900
573 2338
705 4480
1197 2202
300 6875
565 8112
1864 3419
1831 5457
3379 4245
4803 9346
834 3318
2750 8881
5596 6538
3610 7524
4534 5694
2736 4516
845 9334
943 1504
4179 9667
6273 9675
1586 2135
8151 8301
2561 7144
4524 8389
1499 2890
3393 5725
2825 7190
215 1704
1431 7859
6997 8393
4810 8194
2260 4937
1148 5292
2264 8062
967 1982
208 6131
6123 6553
6902 8506
3366 8224
1967 4348
2438 8363
8143 9995
4628 6352
2018 3081
5372 9250
6220 8822
81 8655
487 3452
4938 6285
5142 9956
3131 5324
2384 3818
8240 9783
1048 6414
513 1640
5246 9555
2332 2840
1139 7929
9193 9822
1316 7333
2388 5401
1758 7449
5187 9362
3513 7725
4917 5300
5681 9897
28 6442
6941 7464
3744 9809
599 2996
4666 7115
6025 7428
5667 5734
3210 9121
3576 9178
5818 9084
639 3334
7438 9438
3763 4611
5387 5865
3109 3821
2617 3130
101 3887
1288 2925
4331 7283
3682 9052
351 1066
3532 7307
2057 8805
6877 7011
260 4590
7197 8938
2539 5812
1622 4383
6183 6859
1022 7542
5260 5652
889 1765
1150 7956
200 6387
6225 9421
3178 6149
5213 8694
4951 6479
2678 6994
188 8255
806 2935
3646 4682
1031 1067
621 903
1476 5618
1877 3747
4388 9227
1812 9216
1991 9447
6220 9198
1113 8949
8361 8500
9078 9309
1566 6716
6490 8012
5317 6428
143 6647
2347 2851
289 4486
8972 9556
7561 8824
3705 5117
2941 6707
281 6059
7144 7489
678 6927
251 9600
3649 7962
891 1558
3812 4462
5947 7211
2165 3453
2640 4500
8071 8229
5614 7415
4084 9472
2971 8168
1677 4574
4465 9837
98 9627
7025 9086
1882 7423
4586 9309
945 9499
7651 9225
313 8505
4284 4285
2336 3577
703 8919
2798 5594
6041 8283
1502 3122
6870 7384
920 5655
1952 3587
3120 8799
6167 6180
8589 9629
6762 7521
2861 4603
2720 8828
2907 6705
8058 8946
3025 8646
5541 7071
2769 5953
501 6058
656 9904
3722 4787
4121 5058
1779 7200
3078 4493
2752 5720
1298 6338
565 3040
1959 9238
9293 9987
4288 5585
50 6014
687 707
4884 6104
2554 9532
5388 7852
2719 7650
4605 6460
651 2447
5107 5624
7753 8323
243 2881
783 2337
1462 8553
3367 6373
5612 8011
4922 9779
9490 9979
4999 8013
1203 8558
2490 6514
4224 8165
1506 1685
5571 7192
1318 1634
4186 5429
4951 7447
729 1993
3609 9060
2999 9811
3004 3473
9578 9984
5624 7203
283 9231
5309 8094
6735 7643
1911 4070
2308 9368
4485 9899
2017 4991
5169 7562
5678 9654
2224 9899
6172 8176
7576 9686
1015 1165
700 6257
1207 8276
3172 5393
6666 7664
307 1603
3918 6903
5334 5764
7180 7885
447 5555
4817 7231
4545 6772
3156 5799
6432 9419
2261 6640
1032 9857
9103 9179
1689 5431
2936 9704
3098 7551
911 936
3927 4629
2672 6625
623 5636
6823 9691
6009 6734
2826 6045
381 7271
2108 7980
2060 6771
1423 5662
263 8713
6132 9019
3749 4744
55 3085
5283 9488
2176 6165
6718 8362
7315 8352
2883 3317
4691 7886
3531 6507
3560 9423
2963 3017
559 6496
5831 6583
6087 8495
5975 8025
4182 9177
942 7954
860 6609
5239 7876
6536 6786
3671 9641
1336 1879
4525 9930
442 3588
2202 6194
1357 4153
4209 9172
4608 8652
2519 8759
2044 6251
5461 6878
6684 7788
2479 5950
1387 9630
723 1248
3921 4689
7825 7878
5550 6812
6092 8852
228 6638
6577 8372
1097 4872
2726 9210
6518 8960
119 5190
7584 7937
2147 2858
820 7452
5923 6764
3810 8500
105 273
3217 8629
8327 8920
1056 3006
4080 9529
3906 7161
7646 8936
8231 9626
2412 6660
3600 4876
5933 9330
5353 8755
6430 8150
103 7932
1576 5112
6796 7224
3327 6932
5395 9920
3912 7622
4357 9433
3231 9853
8544 9978
1388 6983
3437 3542
670 6703
4075 5290
1184 6924
3114 7992
812 4837
1276 7681
2129 9583
503 6482
2046 5384
4649 7447
3766 9086
3276 4792
3160 7061
5116 7364
3502 8747
1962 2946
1117 1393
4881 5740
1223 3775
2885 4089
2766 8827
4619 7726
3943 9392
1978 2890
868 9734
6883 8108
8979 8980
3201 3571
1029 3909
4392 9898
1691 7034
3785 5019
1038 9098
786 3629
1332 1853
1521 2277
6964 8339
1849 6280
481 1946
1537 4702
1654 9488
5625 7483
1563 9858
2048 3191
2773 7833
4541 6062
2330 3291
3672 5384
3897 7717
2725 5281
524 4918
2697 7959
5460 7271
3022 3289
6752 8577
4200 6708
1079 7651
5195 9188
6002 6278
468 4730
5697 7628
103 7261
275 4335
426 8934
751 4035
2298 3379
3063 5397
649 7959
194 8547
2238 4762
7191 8745
3048 3813
4180 7116
703 3994
2776 7326
350 429
2576 4528
1089 7413
3594 8187
1132 1633
526 1594
3588 8372
3313 4003
272 6373
3199 4921
3214 3472
1202 9690
4972 9681
1882 7988
6968 9117
1862 5535
2096 3487
3942 5379
130 8131
1436 8581
4820 8765
597 5796
5841 8265
848 2934
6453 6806
790 1909
5184 6948
1314 7773
925 1316
1687 3854
7568 9647
1757 9282
29 7796
6545 7684
7613 9511
958 8030
3310 4361
1555 8020
8774 9314
3031 3714
7021 9599
2642 3673
5472 8933
3292 9676
7447 7492
7576 8131
7381 9124
6297 7326
7243 9419
1056 1893
4521 5678
691 7393
8652 9324
1222 7029
5322 9110
8068 9044
5072 6195
6648 7260
6539 8256
8065 8709
3395 8727
5613 9030
5473 8461
6279 9793
4240 5291
8062 9579
794 967
1914 9363
1773 8192
5200 8487
3403 8968
7252 9252
6498 8790
7042 7456
3055 3266
667 862
5883 7699
3426 4670
480 6634
6316 6534
5779 6595
1412 2184
1348 6858
4469 8655
1642 2609
2147 7477
1304 8737
3561 9675
3623 9092
2233 5036
5302 5852
1637 3470
6287 7415
1325 3612
4747 6798
4318 6392
4593 8546
5492 9103
4663 5343
4212 4653
3771 9377
1290 8731
4912 5818
2506 8470
5620 7073
7237 9371
176 1281
4646 4881
2856 9980
103 3920
5215 8421
7765 8443
645 5142
5018 9075
7097 8923
1858 4354
1677 5999
49 7713
5553 8601
302 494
6726 8458
5962 7308
683 9985
8362 8554
1927 6110
5815 9769
4194 5780
2227 9260
362 8883
1874 9667
8510 8654
730 2634
4068 8041
2308 2954
4032 6132
658 2465
7970 8151
5912 7837
5071 6992
1519 8392
2393 8956
163 3920
156 9128
7527 7581
5111 7559
2905 8313
5128 6745
3199 7070
4205 7228
2923 9121
4649 6710
3114 4222
1472 8990
957 9298
3909 5136
282 1023
1821 4650
2072 5952
6879 7666
3300 4762
2472 4876
2632 4074
4855 8922
1370 9329
4863 6302
1132 6010
2568 7738
1326 2348
1372 6665
18 7221
8328 9040
4718 6823
592 9708
6722 8069
3852 9826
2701 6052
3425 8069
6334 9650
4056 9067
3559 8786
1984 7394
387 9424
4556 9915
3983 8296
2147 5880
4649 5676
4633 7129
1152 4797
2845 8396
6776 9473
5709 8551
3536 8021
1984 4132
4241 7773
2639 5524
1918 7713
4089 4935
923 4452
2254 2451
4308 7719
3410 4354
937 7733
2669 8557
3925 9415
4835 5435
1418 7548
578 3599
227 6819
3554 8425
423 4479
1237 2023
3320 6797
4345 9183
863 1553
787 2955
4603 7492
7607 8704
9042 9793
2771 5306
6552 8839
2397 2621
2796 8517
497 5862
793 4463
1089 3293
1715 3984
4622 8710
7046 9310
1662 8524
1153 3988
2462 3918
4564 8705
1677 8832
517 5467
3681 7863
3087 9339
3192 3205
633 8796
910 968
1304 7274
4739 8413
1573 9125
6320 6587
2335 5018
2111 5502
5901 8855
5848 9517
349 1803
4523 4624
1986 9708
5035 5967
1229 4067
4078 5405
3985 4194
3809 4463
1643 2889
651 9725
1914 5338
6327 7687
1707 10000
3262 9205
67 1043
1921 9700
1019 9074
1382 4696
582 4377
4274 8619
7302 8202
3926 8138
1531 5987
109 7577
112 6828
1277 6107
4432 8912
2925 4042
805 864
6199 6310
5952 9816
391 2981
1381 7332
660 5586
4352 9599
345 6248
627 3194
3464 8642
6392 8812
8828 9981
210 3808
6089 6825
218 5389
773 3433
3925 6758
639 989
2185 8968
1357 4881
2380 4979
2796 3645
3840 9279
1842 9770
3057 6426
8955 9648
386 5094
107 3464
1251 6067
664 4550
1562 3485
8124 8444
5844 7263
3418 4567
6724 7578
5134 7332
4280 9672
5703 9475
1381 4312
1854 4761
3149 8994
737 5967
8328 8853
7851 9948
4154 4608
8787 9404
4370 5135
2285 2503
3415 5208
3074 7130
3585 5848
89 498
8817 9246
3578 8878
2124 7510
2465 9789
124 6383
4453 8058
2132 2675
922 1933
8501 9720
2128 5185
2665 2909
2666 4531
1857 4133
3345 6546
57 8315
8250 9320
6228 6448
1177 9514
2510 8606
812 2182
5106 9498
505 7135
7180 9002
3204 7216
583 7957
3687 6138
3800 5261
3110 7029
6441 7616
7119 7302
1533 8516
5985 8275
4443 7060
5444 8860
7608 8109
5113 5313
6508 7498
5622 7405
340 2200
4601 9339
1156 4449
5823 7809
1833 6125
5209 5960
539 4517
2118 8472
1032 1646
1455 9885
2797 4596
23 9030
852 8360
501 4639
8302 9092
2970 6473
5568 6243
5038 5260
4563 8414
246 6106
1383 3300
4483 6206
355 4292
2332 7650
6151 9718
7297 8718
91 1213
5495 8101
937 8848
7189 8138
1669 8474
7682 9468
323 9857
6474 7109
837 8092
6133 6816
5233 6825
3359 9035
3975 4874
4010 4831
3679 7441
4555 6617
4398 4684
4914 9933
721 6870
5700 8627
5342 8128
5 4973
1753 2358
8296 9519
195 8746
2356 8249
792 2091
1148 3941
3274 6116
3432 9671
3783 6222
4882 9577
7009 9496
6859 8734
1087 5651
7189 8380
575 9677
151 947
2599 9589
240 3685
1807 5159
1482 4581
1993 2316
3868 8107
2250 5621
5230 9657
235 5906
2778 9941
6031 6902
3393 9985
1659 1918
1691 5105
251 1457
949 4202
9133 9854
1914 2144
2735 9692
502 6142
1622 6173
3862 4249
5887 7833
543 1750
3740 8753
2468 2703
2086 4587
7313 9856
4429 5528
570 2341
2228 9366
2 8192
5165 9770
1161 9612
564 762
975 4497
627 3262
828 4972
1434 9626
35 8719
1279 6305
4004 9334
114 8783
840 3262
6115 7259
1832 7686
158 8826
8687 9780
1290 3727
3836 9457
2332 6282
2251 4408
2113 6918
7550 7567
2166 9962
2264 4872
853 3874
4328 8347
4849 9776
1174 4949
1783 6225
136 8663
5210 7274
3379 7942
146 5675
118 9777
1070 1364
1617 1762
352 1313
2726 5576
637 1482
1111 2570
1360 7704
455 3168
5079 5663
5139 8683
5011 7451
3793 3879
2785 8492
5058 5725
57 4411
4902 9386
7476 9994
5652 9618
6486 9292
3019 3411
6880 9182
49 1554
2554 4543
1698 2343
2792 7569
4220 5501
2002 9170
4266 5617
1076 3757
458 9077
6943 7666
2680 3083
1255 7371
5791 7804
5586 8338
2334 5829
1405 9301
4426 9928
7506 7900
2072 5270
6249 6817
4943 8353
2375 6476
1021 8264
3280 6582
174 929
7050 9202
5926 8500
1038 6861
188 4476
329 8387
1413 4523
157 6883
2564 3150
5640 7648
4292 4986
2003 8940
4659 5682
3501 7345
3956 7925
948 1841
387 3265
1538 6810
672 8847
944 7091
622 9026
128 7700
4761 6080
3235 9333
6781 7859
2789 8987
777 2898
3973 9447
6185 9905
7923 8551
523 4967
333 9273
7518 8502
1864 5640
5353 7833
1017 2735
594 2403
4045 6290
8229 9008
7270 9605
799 4498
1642 1740
1284 8219
5647 6967
370 4092
7047 9267
1815 3654
2964 4386
6613 8517
3915 9563
536 4798
2230 9531
7316 9428
931 7808
2440 2659
117 650
1624 6045
2241 4930
128 8881
6740 9497
4056 9687
776 1225
130 8927
3690 7122
5118 7269
682 7188
6124 8181
2141 2484
1438 4956
1046 1988
3483 8226
2502 2648
4903 9946
6980 8058
5192 7568
8120 8970
367 4036
8543 9827
1633 7568
3218 6201
554 1647
3320 9632
2895 3481
1296 5667
304 8302
8368 9422
4650 9392
3473 6612
4526 7636
4894 5817
2511 3491
3142 7266
365 3064
5479 7904
4643 5188
470 1545
1614 4148
220 5800
2622 3709
4719 7398
598 4174
1042 1707
2430 9137
2182 4605
3486 9412
2563 7680
3098 9007
1868 2688
1534 7538
6635 9699
4017 8001
3172 7909
2799 5183
87 8317
1690 8465
348 8321
9135 9836
1843 5260
3092 5176
26 3611
299 2952
6290 9142
789 7017
4402 8751
5677 8390
6396 7323
4240 8423
866 2541
1726 5614
6832 7890
4416 5387
4586 5798
3008 9090
4042 7886
8596 9154
3795 8194
1362 2341
4925 6432
3638 3780
5336 9386
3342 8333
5630 7123
4100 4979
5170 5418
6147 6861
5820 8452
4294 7733
405 8087
1028 5060
7851 8340
2063 8696
437 3838
639 9422
4185 7948
1912 7709
2432 3803
2387 4555
2430 5191
2598 2789
4019 8144
5552 9805
3348 7222
6966 7839
237 4423
586 8512
4999 9858
1857 2525
5291 8983
1859 5109
6259 9145
4862 8311
2296 8759
7253 8017
1508 3576
6318 6985
4360 4394
6256 8093
1722 7211
3989 4895
1783 2468
438 9674
75 3435
1923 7322
4466 7156
3485 5483
968 3194
1902 6216
3612 5295
3512 3896
3247 4379
5530 7255
1442 6460
6412 7643
5462 6074
3931 5011
4672 7904
6 9118
5787 9577
1871 3641
902 8209
4969 8127
47 1013
2333 5621
1485 3834
2663 7482
7324 9896
6668 8508
3585 9743
5849 7422
2862 4164
3698 8637
4621 9780
3862 9728
4526 6510
5202 8779
6327 6939
1690 2667
5401 7905
7047 9214
3630 7126
4561 6238
5307 8014
6270 9522
181 316
2018 5586
3496 7311
4437 4896
4527 9485
6936 8336
692 2454
1810 5822
8150 9951
7259 7528
9330 9996
6140 8365
1856 4248
97 6445
2974 7616
4374 5715
2620 7798
1231 5364
9417 9857
4123 5315
3660 9526
6139 7884
3775 3851
4045 7647
7510 9446
4191 4732
759 8937
53 7728
2245 2380
1806 7177
5709 8421
3240 4860
494 2711
8713 9138
616 7841
1519 5134
1985 8805
2969 7026
4755 7635
6389 7133
1667 7183
2486 5825
8392 8908
333 6442
5286 6224
6836 9515
7058 8167
1158 1600
4263 7294
2551 9374
2155 7159
1229 3695
742 3348
2504 2617
2707 3205
798 6892
3926 7645
8697 9665
1187 1254
350 1548
1683 9271
3660 5459
5686 7218
891 1606
2243 3192
3578 5097
4622 5547
7332 8527
4087 6960
6721 8602
2947 8906
6170 6284
2520 9098
5398 6936
1530 6144
5115 8570
1481 4976
3791 6265
4445 4574
3032 5230
726 4814
3023 5410
8177 9383
3112 4664
885 9762
3246 4893
1771 5196
9109 9851
2361 4207
3386 9370
254 2725
2203 6250
5025 5499
1898 3170
3377 8732
2357 3455
567 1909
2189 9240
3789 8447
1428 6146
1118 5166
5178 8114
1460 1897
4428 4647
1694 1835
1121 6632
2745 6425
5706 6018
581 4409
2088 9804
5333 9156
4939 6785
899 5472
1902 8136
2602 5595
6323 6862
3215 4546
1637 3637
6291 9273
3237 9260
7263 8386
374 3557
2980 5137
1316 9180
8004 9589
3203 4657
2348 8078
4615 8014
8906 9626
3212 5645
5153 9346
7054 9151
1722 4354
1391 8721
4077 8338
2974 8476
7043 9029
5778 9812
6998 7795
4804 7620
3603 4254
9900 9962
5968 9680
209 4779
2294 6916
169 5380
759 6414
2753 9187
31 1474
3288 4098
4226 6044
4056 5138
1807 6276
1435 6633
201 5305
5209 8958
4951 6219
4555 8205
4980 9660
959 5657
3039 5730
4305 8030
1017 2858
3792 6462
4391 4835
4924 5564
6617 7177
3709 3983
8779 8780
767 8052
6901 7875
3081 6077
5753 9997
2260 6113
357 3458
3533 7406
162 8881
7421 9079
6256 9571
351 7356
3774 8929
1864 4837
4558 6530
3153 9750
1369 6292
5508 7318
2715 9295
454 6895
2159 4876
6412 7953
2594 6753
1995 5936
8366 9607
6246 8186
3957 9925
3272 4638
4901 8976
2153 8215
821 4100
2851 6796
239 9077
301 3805
3282 7248
5665 6864
1093 7417
6962 7760
7318 9344
4809 8340
795 4047
1808 7399
1192 4915
7873 9337
4022 8226
5743 7686
2783 4302
1503 2858
4109 6653
1261 3739
2809 4476
971 2179
415 3947
4821 7532
6660 9465
3782 4982
1992 3665
5567 9308
4409 8527
5253 9377
3302 6974
1217 2356
1191 7551
2030 7340
6223 9612
6176 7322
830 8777
5957 8446
6817 9304
2180 2854
1318 3347
540 5231
2386 2922
1567 6791
6130 7327
2558 9566
4466 4688
1802 2349
1413 3291
1636 9227
60 7933
9222 9554
748 6321
1448 2760
3894 7091
2784 9505
4095 4637
1562 7248
566 1325
1434 7965
2688 4549
702 3357
514 6275
4158 5336
1328 2587
3860 8382
85 5603
3999 6511
5633 6763
3922 8213
5388 8652
4197 8189
1795 8065
5740 6071
5404 6647
2188 5552
6520 9151
7633 8240
2535 4842
3851 4253
4210 7081
103 7993
7933 9175
5626 7662
2295 4860
6193 9961
3361 7809
5109 7143
2540 6088
2072 6508
1752 2891
3923 8744
4002 9791
1401 6983
797 1621
7254 9533
4291 4646
2522 3977
1020 3615
3322 4555
4949 7541
5288 9710
6015 8992
2737 9234
1634 6403
8898 8931
4672 5691
964 7103
2337 7314
2867 5328
570 7472
4369 6407
3262 8338
2216 7024
2066 9709
1622 1855
1644 5815
876 8158
1151 5882
342 3269
7317 7909
7950 9771
2929 7081
3505 8180
5316 7311
6735 9624
761 9753
565 6431
1038 1925
1192 5546
8523 9296
3781 9926
245 9873
6948 9624
4035 9513
3206 5790
148 1309
5151 7624
4867 5879
4163 5763
909 8348
778 4859
7894 9438
1256 5423
6975 9168
4702 4765
6722 8759
3014 5445
5748 6567
1336 7109
2212 4299
3781 5617
272 6192
5043 8441
5032 7565
925 6491
8442 9428
6881 7705
3624 4852
4393 6117
5375 7904
8004 9202
1603 9789
6358 8832
4073 7832
4451 6472
3088 9423
1116 5914
109 5797
1507 3032
3410 6441
5196 6067
5163 6119
6275 9184
5442 8954
1729 5067
251 7314
681 2172
3473 9126
2895 6934
3225 7563
5458 7915
6215 7857
2643 8147
1984 2849
5182 6290
2009 4074
4421 5145
3101 8207
2743 4298
1461 4205
931 5208
1301 8188
2238 7280
3528 9183
4514 8985
1597 3985
9644 9891
7022 7549
2873 6744
6464 6504
20 7687
3270 8137
3725 8946
2956 5466
261 5763
3033 5420
500 4059
1333 4814
1206 2006
1966 5666
4987 7488
3428 8844
1045 4532
6535 8491
117 4708
8143 9737
3582 6278
9323 9553
5806 7298
97 4729
2612 4730
815 8392
5758 7752
4010 8152
6004 9205
324 9094
7476 8146
1146 7216
1457 4863
2541 7186
249 289
6310 7447
3982 9487
1723 4982
5086 6312
2882 4483
8236 8773
1639 7728
6451 8325
4792 7262
2820 8937
6989 8674
3773 5822
801 7568
106 2576
2073 8370
3955 8724
1588 2205
352 7412
2850 5029
3612 7567
4741 7152
3722 6944
2061 8252
1142 3781
3002 3622
6357 7535
488 813
1088 6699
1372 6229
4646 9251
3763 8675
251 9208
561 3506
7085 7456
6087 7122
3451 6831
13 9336
607 1178
3805 4885
1236 2369
3524 7575
5413 5865
5356 7317
3077 7529
3194 6128
1188 2328
2600 3928
3002 9341
3694 4724
141 4273
2235 2783
4652 5925
4170 6639
7800 9774
3601 8882
6584 8988
3093 3982
1097 6532
5596 7127
2769 9520
882 6607
5415 8018
2975 5158
1466 1905
6495 8650
5256 7207
297 5136
4180 5004
3015 7711
4009 9323
4432 6945
4058 8690
7402 9970
1280 9218
2149 5237
256 789
4070 6714
6484 8878
6461 6679
886 2124
371 2698
3115 3754
1876 6475
8187 9903
8121 9549
795 3928
1194 5660
3121 9426
5378 9132
2073 6531
7114 7180
3203 9236
3170 9288
3148 5099
3284 8141
5341 7264
1501 1875
1855 8523
368 9230
2923 8364
107 558
3575 6075
4594 6054
153 5629
2233 5702
2061 2212
5906 7450
2007 7345
6324 9949
4388 5131
7676 9320
4503 4623
1664 4498
1384 2643
6197 6323
1073 8874
3747 9191
2477 8435
3399 5970
2993 7268
2499 5942
71 6620
3383 4979
2674 8683
84 8545
6889 9061
7694 9229
1754 6993
2451 3952
2511 5952
6713 7263
3053 7669
2661 5896
465 3891
4964 8458
4907 9910
5394 7288
4821 9870
1407 7299
8 7624
3912 6612
5161 6528
6 4545
3598 3941
556 2999
530 3764
4046 9995
5930 8961
3239 3779
1382 3455
4090 9772
7514 8601
7247 9240
1867 2746
2159 4086
4504 6379
4894 8520
3793 4301
1375 3186
6128 6586
3473 6053
5018 9754
1313 3247
2893 8632
68 6190
620 9147
3059 7352
7159 8201
7346 9525
6140 7993
1896 8119
3209 6064
3830 6448
1729 5498
2142 4913
7632 8835
457 7813
7100 9728
5998 9751
4840 5035
922 2665
2486 8594
1863 3219
1942 9699
488 8331
1398 4351
7136 8375
2726 5314
422 3547
7452 8086
1299 1605
3921 3947
1046 4128
5507 9635
222 483
428 2803
4007 7104
4883 8495
1192 8568
6629 9217
188 1515
126 4801
9420 9796
1927 5984
4418 4874
3370 8920
1078 6453
6725 7878
2248 3824
405 9622
1372 6405
2432 4170
2110 8320
6908 8982
6250 8753
2921 3580
6293 9389
3886 4491
8708 9940
4339 8903
1242 7463
4776 6689
1766 8668
1112 2923
3636 4730
1927 2843
1701 8916
4189 4650
7363 7734
4405 9607
3225 7081
2815 4214
1369 9611
1469 2150
6164 7824
56 7724
1981 7923
8176 9419
1245 6808
5956 8777
4208 7228
2959 4343
1293 5307
4321 6122
1138 4386
3532 6312
6054 9241
4889 5761
7346 7807
7211 7582
847 1406
1141 3573
2686 4305
2145 7859
495 4630
2642 7911
6322 9406
1391 2738
5164 6639
8352 9658
3827 8825
1426 9111
319 9773
5090 5643
792 5038
5284 8626
2414 6219
50 200
3921 6659
4055 9628
2584 8616
650 3642
414 7832
3019 4343
3884 5316
2172 5410
3786 3990
6836 7533
3176 7444
1192 9294
901 6378
1875 4894
3346 3654
2174 7405
1138 9997
1382 8637
1009 7897
2774 8861
3622 4232
1491 2393
904 7551
2891 4952
3531 3592
315 6927
709 4343
4012 8066
2209 4366
5784 5808
3364 5815
3207 8312
4086 6739
7589 8830
2181 5435
2057 2925
5030 8759
7029 9890
2435 4305
4369 9013
1297 7603
2484 6641
7019 7896
1420 9171
4756 6655
6244 6587
4855 6139
2668 5186
493 2072
601 8021
4861 9337
1105 2599
4847 6958
721 5642
2329 6888
1665 5676
2007 4622
1224 6199
3996 5102
4997 7656
5850 9787
6688 8671
5724 8924
4265 7212
443 2601
3113 9858
3882 9137
5308 6242
36 7875
4893 9935
759 7452
661 8866
872 7329
1536 6326
8645 9963
1190 1488
3357 8390
1175 6054
3477 5008
8960 9974
1283 9788
2613 4445
367 9264
881 7270
2657 4222
3916 6812
8857 9738
1445 4868
2243 9049
5445 7536
5338 9359
1995 6503
4913 7675
1922 7156
3821 9140
1660 9896
6190 8821
6540 8153
2882 9157
5776 7757
105 2740
2636 9882
4210 7151
2018 6571
3385 8465
5153 5499
7297 9034
3446 9872
3866 4079
844 2261
3129 3520
4044 6300
501 5305
685 5651
1793 8560
2999 5662
1208 1225
3857 9857
4848 5802
2995 5920
4311 9798
2000 9304
534 2220
155 5607
1263 2100
3131 4505
2172 7546
7129 8790
3646 9795
2973 4333
1670 9779
7940 8214
9023 9117
8142 9368
5499 6149
4052 5723
783 3570
175 7363
3367 5391
3449 9631
3466 6831
4593 5818
3294 6081
2003 3953
5404 8248
270 5156
325 2877
7630 9836
1591 7163
5849 9830
8476 9069
4362 9039
2700 6510
2523 2676
1267 1818
3565 9698
4857 9018
3921 4378
1168 7703
5132 6742
1550 3338
7747 7913
5717 8829
1204 8299
653 8950
2101 3828
3524 5617
1831 3738
2758 5818
1134 2349
2429 8797
1689 6772
2845 8446
616 8250
7099 7998
2936 9998
5451 6764
4955 5365
7040 9754
7181 9464
2866 5243
6927 9813
3794 4286
416 9774
5238 5838
1475 2884
2008 5599
1070 3064
1137 8258
232 1736
1790 9806
353 9839
3678 4461
5352 8047
7559 9393
5460 9041
5358 6815
1523 6200
8059 9450
415 3254
1808 6598
2293 4132
249 7688
4660 7416
3311 8087
828 8792
4042 4630
1337 8144
921 2604
3114 6755
3392 3730
4296 6617
8136 9525
5892 6577
7010 9716
4837 9829
769 4290
1476 8087
3033 6887
1742 4271
918 1609
5422 5500
4097 9009
6559 6932
5339 5502
3377 5650
5159 5800
777 6221
4946 5921
3129 6716
25 2910
961 2366
4507 9257
5610 7658
959 5703
1000 7690
1960 5288
3026 9220
2616 8302
3306 9274
7559 9648
527 6194
1313 9089
936 7153
430 865
1433 3529
832 7998
6863 8568
1720 7908
2895 5623
3741 6354
2502 9112
1478 5342
2443 9700
6440 6701
2589 3338
3535 9632
372 8629
7340 9846
4064 8929
313 586
4707 7086
2312 7904
6658 9223
882 8879
3633 9911
458 2401
1013 3148
6073 7028
6535 9274
3538 5328
2070 8263
1621 8171
4909 6927
5703 9417
5827 8958
4082 4903
2714 9762
4548 8382
2213 5279
4744 8028
2388 8020
6483 9757
4186 4731
1827 7229
7189 7704
1270 5591
8689 9188
5817 6900
2959 9943
2400 6044
2365 9204
4125 6414
3096 5747
5320 7033
4896 8920
679 6025
8895 9414
4950 6941
4573 5005
46 4806
5703 7673
3050 9953
5319 8730
1934 8092
3061 6850
559 9757
4138 8231
5440 9959
779 5330
5498 9375
6771 8187
1993 3976
1635 4268
1239 6254
6259 9998
5309 7638
390 4996
4457 6900
692 5038
3309 9251
6533 9483
2723 8898
3924 7834
1959 5762
70 4991
9534 9872
5229 8850
3309 3774
196 6564
2105 4540
4467 5494
3107 7962
4382 6847
8291 9397
8750 9911
1701 4864
28 7101
2159 9620
585 3757
2949 3323
6355 7733
1465 3281
6327 7900
334 5572
12 9493
7221 8113
2486 9456
3076 8504
1873 6489
2895 2979
2597 8920
756 4928
1243 7261
2932 7449
5430 7769
4535 8122
1002 9535
1718 4521
453 5829
7593 8779
4682 6334
2206 3292
669 2155
1166 7162
5242 6671
6126 7923
188 7746
4176 9357
2891 7532
8644 9390
210 1348
151 4151
4729 7025
4263 8952
2355 2984
3573 5536
1482 5570
8266 8656
4157 6755
6161 8001
1465 9013
5827 8879
4027 8860
4629 7208
2674 8069
743 3366
7890 8490
4175 8731
39 3987
5942 7526
400 3148
2079 9064
193 2589
2309 3110
3972 6049
1596 2908
2167 5915
3848 4027
5365 9356
2545 6504
1996 6033
6361 7594
5010 6913
1471 7114
3069 3737
801 8043
1309 4837
4285 7677
1675 2420
7707 8382
2589 5500
5318 5753
7728 8441
7093 7930
4806 5807
4689 7208
1256 7576
5729 6492
2815 7654
197 2307
6421 8934
1414 9855
3193 8768
1396 6014
8866 8876
3092 4929
903 3866
7329 7510
4349 9395
3776 5561
2721 6679
6157 8780
323 6216
4035 6431
4145 6074
4202 6608
4554 6767
4299 7938
149 6036
6391 6853
5314 8212
4828 8733
301 2872
3245 7251
597 5674
2927 8073
5193 8336
210 8611
8467 9143
3487 3980
4488 6534
8426 9785
4451 8867
1483 8103
308 5921
760 3278
1665 3384
3967 8525
1315 9687
5501 6358
6127 7803
3241 9064
3303 5512
4086 6675
4528 9989
1033 9479
4854 9930
7758 9218
6342 8896
1111 6137
8048 8233
4220 4396
4013 6547
942 6853
1363 3877
8417 9793
8415 9195
2911 5109
2847 7568
5496 7798
388 6681
1974 3213
3672 7156
2662 3092
868 8486
4250 6086
28 2847
3498 8962
4632 8891
291 3486
5100 8242
10 9623
1152 4983
2098 7830
1349 1592
2386 9694
4338 6091
2279 6306
8189 8636
4099 9946
2324 8937
4769 7482
144 5250
1417 9724
4418 5912
784 9259
1303 5394
384 5353
5398 7131
542 4249
903 3437
5192 8423
3803 7975
1048 5518
7371 8246
6526 8154
1096 6986
771 2271
1521 3486
1304 5703
1391 5628
7881 8496
8882 9330
782 1871
2381 3297
5841 6775
290 7007
6286 9340
7829 9474
6549 9979
6388 8341
6830 8393
3562 9094
4923 7265
2777 7067
6294 8827
7066 9838
6204 8116
1087 7408
183 3511
1217 6471
1700 9594
372 2215
1750 9186
6038 6134
2285 3831
2529 8658
3487 3672
1204 2745
151 2246
4243 5641
5735 7264
7868 9415
4933 8562
1495 2436
5992 6368
8915 9870
3361 6192
4507 5192
3753 6716
2058 7208
4787 7461
1272 2098
2266 7911
3756 4735
5012 9794
5884 7774
1930 3495
3312 4206
5884 6956
1593 6061
6949 9037
5132 7846
2635 3698
986 6063
379 3170
4809 9327
3009 3121
268 3302
2279 5756
665 6910
1735 6595
6652 6949
7087 9092
1905 2805
3603 4799
1134 9869
4329 5428
17 724
273 384
5983 6561
852 3969
2571 3834
2631 4639
1621 4214
5511 7505
6710 7829
8174 9619
3370 9408
6324 8022
937 5504
1219 4436
1592 2695
344 5633
1940 3149
2480 4591
386 6569
537 6967
924 7376
1332 4498
661 8494
3126 9132
1061 9862
4368 5891
2654 7107
5534 5543
4164 5603
2834 7977
3288 5932
2460 4060
4251 8231
1997 5790
1066 4463
1241 5218
7306 9408
2958 5010
1891 4088
4613 6368
1175 2420
385 9205
6869 7835
4572 9225
475 7378
1769 2341
905 8194
3071 8270
7212 8174
256 9734
192 4057
7435 9643
4816 6323
6465 8132
8533 8868
4204 4749
4663 7249
587 5525
4556 7123
5067 9059
7253 8067
164 8051
3419 3890
8597 8745
4044 7096
3201 3438
650 7392
2384 2627
2508 4908
1102 2305
1768 4115
4097 7898
3262 8265
1249 7199
442 1966
5137 5425
9564 9850
5290 7882
1219 9242
123 937
1984 8816
4869 9811
4676 9645
1765 5214
1106 1902
6183 9856
1419 2362
6904 8155
1909 1997
8381 9921
4797 8888
9009 9978
427 530
5466 8754
6825 8276
9793 9831
891 3145
2339 8640
658 8801
5293 8008
1800 8591
7522 9372
5849 8640
925 928
6988 8684
7456 8789
4729 6919
3041 3398
6838 9908
2848 5255
6237 8227
3498 5071
523 3099
8814 8877
1266 2389
5395 5962
6747 9497
904 7931
1134 8622
1375 2332
2406 9690
1800 9651
9697 9840
1178 6864
1193 3725
5432 8365
5492 7184
506 4973
3933 7749
5841 9287
3642 5358
1498 5004
2573 3572
6267 7180
3228 7933
2540 5344
5074 7610
6464 7465
1786 5407
3054 3350
1896 2835
7178 8794
3215 6193
4297 5703
6681 7170
1201 7642
659 3158
3088 8303
5070 7841
273 1365
2676 7083
3006 6958
6633 8590
545 7422
2585 8133
4829 5419
4446 9559
1184 6362
2216 6280
2902 4807
255 6838
52 1783
2911 3809
7018 8818
4104 8519
714 7766
3386 4038
5767 9472
428 5682
1720 6234
3442 4118
1903 6584
3336 6846
3976 4025
3838 5781
880 5439
371 8073
5739 8097
2406 2482
582 8256
4465 9814
8154 8914
5406 7399
3076 5165
799 7436
9794 9883
3417 6626
2216 3260
6913 9532
4320 7891
4461 6847
6833 9243
3765 4865
38 1080
671 727
2856 5054
263 1198
3449 5797
6854 7087
1184 7664
4263 5263
1704 4438
1375 9595
6659 7033
3887 5915
284 439
3787 4516
2823 3012
1605 4395
3241 4757
3234 3778
2315 9924
636 3779
5118 6945
1050 9246
11 6696
3791 7375
4957 7522
5511 6647
5705 7910
638 1610
2031 6903
594 7919
3815 4699
3517 4776
4110 9491
434 8906
6332 7927
1180 2014
7372 9655
5204 5305
541 5999
3082 5235
5972 6574
2182 2992
1629 5031
3306 3896
3233 6535
1999 5207
6190 6652
5519 6484
1014 4354
267 1387
967 8443
1872 4119
1034 3774
5010 5560
834 2666
4008 9951
1301 2317
2550 5202
1347 7388
2424 6029
1583 8833
3749 8909
493 2265
5990 9344
1829 7024
1111 2543
4306 6504
3578 7980
6009 6590
3277 4376
381 7127
2578 3584
1285 5059
160 3223
2553 5742
2506 5438
5405 8546
5136 9590
5389 5569
6385 8045
4876 6741
4181 7411
330 2099
1330 6643
203 8181
4376 6805
949 1060
5188 5700
248 8826
1583 3598
4210 6284
2027 3309
34 3390
741 1296
1692 5719
6263 9637
881 7463
7526 9451
5980 7299
2973 5560
2057 8971
2912 9485
2028 7223
4483 9388
4584 9211
1759 4783
2628 5232
4780 6642
9167 9985
6770 7990
1725 4189
7554 9792
7397 7822
1779 2668
1010 3160
4007 9580
896 6027
5321 8393
7855 7919
1379 4683
1437 7105
2578 9208
7796 8507
3920 5087
2461 7347
2182 3731
1249 7993
5055 9856
4272 5017
2333 3900
5478 6283
8850 9086
4664 9971
1269 2983
73 4125
3655 4294
2956 4522
3883 8359
4716 4913
7019 8936
3184 8321
1549 2219
728 2484
1719 2630
791 4526
2136 9334
1849 5894
4975 5258
1253 8758
4431 4902
7497 8187
2634 6349
2785 4532
5138 7881
4260 8403
4313 9461
3456 9840
4956 7352
7038 8023
4383 5504
302 3436
5338 7942
3039 8734
7220 9757
804 6572
408 6572
12 8558
1433 7763
2417 8162
6782 9531
3948 5283
9330 9443
6224 8974
1036 9295
1444 2933
2199 5495
325 9957
3535 8268
6164 7388
2754 6242
4175 7433
1423 7196
5375 6410
654 1501
1947 5395
2552 5246
3259 3381
3336 7277
5792 7866
353 2448
58 6472
500 7571
3578 6517
4815 5147
3968 6177
4959 6323
932 8396
1207 9126
2578 9934
1458 9876
3633 6574
6484 8739
63 3261
1651 2606
2917 9107
2633 5147
4708 9077
4883 5631
3782 5650
494 1232
6713 6761
388 3960
3440 5361
5023 7368
1950 4107
5513 9218
4269 8626
1086 3773
7421 7787
1335 3016
1175 5013
326 4021
69 6314
1507 6920
1519 4005
5846 9512
8781 9870
2117 7603
3829 7280
991 6774
7541 8727
3513 7946
4098 6650
2502 8353
1212 6184
902 5241
2657 5746
3004 7022
1307 2257
39 1079
3495 8050
1251 4311
2920 7553
2761 8994
2439 4742
7246 8671
5589 9189
976 3325
1726 8741
289 8774
643 2627
3342 9124
2451 2537
2972 3929
7378 9500
5902 6158
3732 5603
709 1934
1579 6220
598 2066
1381 3266
6563 7072
1270 3664
4964 9258
5354 9184
3592 4024
8509 9774
5739 7039
1888 3713
3734 5834
1374 6875
872 1295
2944 9586
3777 9294
3092 4236
3536 5970
939 6839
2300 3778
512 5045
1612 5592
1373 2866
227 1614
1054 6496
2007 7582
3139 8899
4791 8525
7053 8117
4257 5622
2939 3886
3739 4464
3787 5444
3 3303
3769 6033
6439 7894
3667 8008
3937 9818
9097 9664
3501 4003
2061 2341
8989 9313
1221 2593
1771 7463
5026 9452
532 9955
4116 4572
5812 5931
1035 3113
4013 6551
3428 5632
448 3316
2736 4321
509 7204
2185 4447
2195 9861
1219 7071
8314 9790
761 9145
6910 10000
825 5868
38 5754
107 5359
3438 3960
2349 8234
820 8907
2434 8049
343 7558
1511 4102
2199 7886
3549 8379
3609 9147
259 1148
3831 4830
467 4066
3607 8091
3643 7748
188 6637
2824 6662
2789 5887
4067 7258
7474 9412
8568 9454
9256 9791
4151 8191
8837 9844
1583 7775
928 3902
2017 6835
86 1112
1118 5460
275 1802
2152 8191
1615 6266
2174 5735
5061 7594
112 8160
6798 8725
8708 8875
1127 8434
3243 8164
8057 9588
5591 9220
5484 6613
1802 5045
4214 5628
298 8057
7214 9313
5077 5737
1087 4016
1078 6448
975 3546
383 3671
4548 8362
1365 9659
1904 9644
982 3707
230 1628
813 8099
144 2342
7788 8538
3955 4586
4135 5419
1463 5471
7488 8017
838 5648
5934 9451
590 5317
7921 9067
3451 5955
1309 2789
6845 7093
377 3223
239 7948
1691 6503
1758 9711
1708 3474
5959 8168
3903 4251
8342 9999
5224 8244
8207 9774
3041 5683
737 3916
4157 8453
4933 6230
3437 7346
3967 8100
4868 6515
5348 7906
4749 4837
3477 5432
6142 8410
2601 3812
1617 3147
772 7293
698 3143
6107 9355
6203 7373
265 2995
2193 7666
1126 4492
5112 7491
2182 4767
6242 9930
2042 6450
3847 8304
1999 3370
4342 6526
1734 1867
1477 6937
6973 7641
2293 6971
6233 9588
6183 9242
517 7309
4169 8705
5165 9195
4432 9344
70 6031
3482 5560
3600 7996
4448 5353
515 3412
241 4866
2956 5221
1627 7002
2064 4788
384 5854
3006 8196
3520 8417
3145 7079
6359 7081
827 5377
2964 3769
1711 8578
7356 8173
3006 7378
1320 6478
921 8947
36 7507
1070 6037
4824 5495
5486 8095
4911 5649
3670 9529
7211 7711
568 2120
4590 4776
2267 4716
324 7092
1086 2460
7139 7542
2873 3708
1765 4734
2790 8140
5507 7107
5398 6117
1091 8661
5557 7867
3129 6293
2055 9384
7105 8833
9159 9442
941 5640
1242 4814
3052 8032
2150 9392
415 9731
1910 8885
3285 3544
14 9158
8305 8749
158 8614
7828 9578
4958 9120
1852 4450
2213 3675
599 9030
1318 7963
4983 8655
834 7850
1512 2581
125 5175
5264 9577
5583 7344
2818 7168
2508 8403
3752 7975
4984 6261
4612 8833
2365 7600
6831 7789
2017 2689
8462 8524
8152 9796
5814 8933
6564 7216
2309 8230
5685 6079
6228 9216
1498 4753
968 4524
3695 8380
8024 8298
3335 3607
6229 8394
9226 9859
5914 9285
2219 8421
1302 2828
218 6426
1362 7080
7745 7836
7697 9108
4830 8130
4740 9405
764 5404
4179 4642
3270 7800
3067 8932
3829 5054
4758 9718
4892 5746
5788 7052
9045 9676
3752 6002
3354 7161
1780 2493
5726 6588
1585 6455
914 2086
1495 7959
791 5133
6995 9896
708 1163
9598 9744
7762 8311
4753 5523
2220 5919
1043 3139
530 2096
3690 7460
567 6822
9218 9459
2537 7023
7244 9782
2673 4440
305 931
3202 9628
2421 9063
3749 7811
1163 7112
1302 8439
1015 2030
2785 6307
5134 7093
779 6183
3036 5660
3984 6402
486 6604
1964 2142
6657 7743
444 8822
8240 8730
1320 9432
710 4484
4643 7620
1116 6892
5701 8722
2470 7090
2282 9254
2098 5232
2621 7259
6926 7234
5298 6504
5035 7622
4704 9966
2617 4521
5579 9412
817 4502
6594 7700
2198 8738
1174 9206
6762 7247
4193 6000
6151 7130
809 1874
1858 9084
2462 3829
2947 3349
853 9528
1715 4834
2054 2314
6997 7824
250 5788
2934 9008
3877 7191
6733 7485
4993 7975
468 6950
2173 7109
750 5616
3669 9642
5207 5460
1804 5293
6000 7082
1301 8348
4670 7995
8646 9781
4711 8033
5287 7146
3470 7712
395 6556
1780 7299
3249 8238
310 9895
7760 8641
2140 2623
5524 7503
2050 6113
3901 9332
4065 5562
4082 4977
3345 6899
5009 5596
1612 6641
7190 8461
1553 9215
4894 6289
2079 2091
1287 7258
1364 5492
2394 8518
2280 9665
551 8129
6793 8946
1607 3678
6466 8551
3188 6807
3914 4467
870 5105
3566 8416
4180 7821
5541 7978
2509 5472
8880 8914
4145 6322
227 5938
2188 6585
541 7037
1377 5323
3517 8150
1003 6802
7309 7900
1579 4491
1636 2810
2761 3185
4634 4914
1757 6483
3462 5218
7130 8837
7116 8939
186 2500
2902 6692
309 9252
3425 4289
4154 6384
1184 9186
3295 8609
4062 4809
1555 8604
3007 5698
2725 3797
4020 6798
4801 9349
4448 7770
3569 4418
2147 9684
1798 9530
2651 9446
1261 7376
1581 2362
508 8041
796 6458
6713 7744
5447 6198
2117 8465
1621 6046
6615 8606
2398 4691
1004 8329
3659 4432
1594 3176
6186 9920
542 5531
4353 7738
1073 7382
3893 9968
7258 9651
8352 8461
477 3564
1810 6857
7641 8894
4033 9490
2610 9687
3236 8163
2697 5899
2058 5912
119 4795
3813 8440
4163 9950
1940 4873
5291 7361
857 1462
26 1305
3389 9509
5166 5380
4908 6805
2789 8238
6946 7406
1944 2255
4507 9615
2729 2939
4470 9733
1877 5877
1760 7278
1619 3892
750 5429
6343 8052
178 2463
290 718
888 6302
4482 9972
6729 8990
3510 4443
8461 9814
9512 9974
4622 9723
5622 9423
3584 9990
2701 7199
3205 8947
1333 5605
5750 6841
1922 4199
3164 3927
3251 6555
1637 3020
5148 9136
305 3335
2519 3371
1808 4299
705 2222
6109 8356
999 8590
7243 8056
2377 9145
37 7950
2344 6753
801 9285
1221 3455
3711 7600
767 5207
7064 7946
1962 3840
3512 9871
3651 5977
3102 7721
3976 8514
6808 7431
3031 9009
3736 5563
403 4112
2617 7154
7581 9340
74 675
3482 8127
6565 7417
4762 7127
473 680
4882 8212
1936 2511
7646 8917
542 3934
1939 2516
4843 7991
1078 1699
635 5559
1471 5565
3850 6200
3542 3832
5176 8285
2220 4606
368 8369
664 2998
4728 7371
820 5460
38 7676
1526 3636
3021 4776
4060 5865
168 286
3653 9419
615 3486
4577 5374
5943 8844
2168 6294
6148 8044
3243 4825
3026 9028
50 4882
8802 9786
5485 6653
6321 9140
3450 7491
4188 6208
5234 8239
3656 7101
3282 8846
3258 3268
911 3642
2151 6182
644 5476
6449 8507
2588 8923
432 5068
4334 9645
3441 4409
1601 4991
5026 7657
704 6695
4207 8786
79 4657
5636 9572
2563 7294
3697 7223
5789 6367
7241 9123
245 7578
8715 9386
4677 6722
635 8029
2705 5428
5907 8345
7314 9601
8385 8464
1311 9480
506 4845
5115 7069
4475 5460
4948 5909
2577 5135
1102 4876
3258 9697
2950 3394
2415 2592
1661 6331
5823 7075
7137 8369
2268 5548
5626 8187
6899 9251
8938 9286
6400 9567
2155 7068
534 8741
144 2170
1936 9653
7418 9550
4728 7976
2412 2937
6500 9919
2766 5909
2637 3055
2032 6624
8824 9800
64 8418
2041 5626
6559 7466
4026 8845
2685 9111
5842 9811
2716 6209
949 4381
1601 4307
2241 5162
5914 7664
3190 5082
7866 8491
1314 4479
5849 9935
317 8985
5785 8193
7977 9261
1416 5695
2357 9659
3873 7704
6290 6904
1131 9912
2184 2534
2409 6853
2791 6918
4948 5225
731 2330
2831 3055
4575 8097
89 8195
1333 1351
1365 1569
7691 9964
740 5681
6273 8290
1510 7814
447 706
1837 8734
5486 8139
3296 8194
1257 8159
3946 7293
2678 9084
4935 8790
914 4787
1364 9682
898 1810
7461 7637
4278 6948
4604 9858
220 8018
1593 8458
464 8644
2938 7853
4041 6254
899 8306
4144 7658
3089 8022
4702 9383
954 4980
6826 9233
3171 7502
6006 8676
820 7380
5976 8016
5768 6818
4900 9977
7283 7644
4108 8765
6295 7503
80 6523
2148 3095
1010 1475
2140 8344
1357 5491
1250 7314
2270 7407
295 7387
1936 3626
3976 5320
4700 8761
672 2355
233 9138
6675 6862
1222 6205
4016 9822
4753 7311
6318 9190
2070 6945
988 4991
4940 4959
2759 9678
6188 7390
565 4070
873 2008
3567 7865
1707 3631
5819 6998
282 4950
3434 4074
3463 8976
7141 9644
4106 7621
2093 6555
2751 9679
2106 4279
6159 8500
1068 6798
1521 8958
1535 6678
5215 6187
4699 4873
2699 8176
1968 3527
151 2107
1482 4802
1176 2315
4749 5633
6628 9365
1361 9881
1743 9717
3868 4837
3157 9966
638 6288
2013 8760
1432 2887
7770 7842
4463 9598
263 4132
5798 9517
1930 6281
326 6174
2440 9241
5231 6962
921 3085
1375 6702
1758 6440
3661 5648
4760 6788
2399 8422
917 8978
3968 6478
4255 5754
1941 3299
2770 6793
4881 4984
7159 7287
2819 9166
6222 9858
3486 6182
4079 8911
3604 8389
2819 3918
6296 8989
3407 8518
5766 5791
5957 9294
2175 7788
3341 6703
6305 9977
2005 6559
5680 9925
4219 4905
1177 1977
484 5137
1891 6164
5253 9070
795 9230
7029 9634
1237 6313
4623 5641
4773 8029
7374 9036
4573 5002
527 6796
2504 4004
6824 8340
4023 7716
420 4226
6168 6723
1491 7519
3473 9235
3299 7887
3958 4554
3261 5151
625 9061
2488 8611
2134 3949
1748 4371
1670 6932
424 4052
2187 6404
332 8664
308 6092
652 3687
8862 9291
3038 7738
12 4229
6457 7620
228 2312
3526 7677
1094 4907
103 331
2207 3730
2819 4294
9259 9785
2678 3086
2719 2895
1418 6953
1615 5023
3509 3657
5873 6229
1169 7188
5752 9386
296 9249
6636 9177
1593 8647
2919 5814
3167 5650
1324 5261
2771 5650
6714 9999
2464 4187
1724 6363
8305 8632
1834 9941
703 3830
2709 5940
467 850
2602 5814
8326 8920
685 8428
2863 9790
5991 9789
1998 6373
5033 6144
5046 8298
8000 9918
4544 8582
7367 8470
2124 7128
3760 5467
33 6637
4859 8593
660 8721
3753 9894
3070 6225
3875 7147
3610 7630
5272 9930
1562 9990
3121 7173
368 7566
6983 9382
381 6007
9498 9612
467 863
9 4186
2273 4568
7 3093
2887 8174
805 3073
5 14
1933 4914
2466 5148
325 9266
4511 4705
1047 8204
211 3502
1450 2730
8359 9460
7227 7914
2533 7309
26 9872
5726 6471
2137 7080
1129 1857
1407 3528
3783 4417
7186 9539
3339 5423
7160 8089
3529 8967
1561 2948
172 8879
4693 5806
2907 5951
1647 5351
9069 9219
4850 5460
2592 6024
4870 8556
2711 7961
3593 6363
2421 5913
325 9508
1063 4778
5562 6605
6238 7642
1109 4894
2453 4404
472 7986
5250 5286
852 1562
6502 6934
1430 5474
5468 6677
566 5140
2926 3052
4403 7750
3336 6828
7496 9714
1073 5587
6981 9039
374 9521
2046 6093
3973 9105
967 7820
2813 6494
7945 9954
2787 5044
7805 9422
3442 3992
885 5014
2435 6090
4434 7221
2589 7954
2761 7014
6608 8878
2463 7320
227 7902
743 8987
3494 9228
8454 9952
5147 7507
6100 8593
8966 9117
6044 9186
5027 7627
2527 6968
4879 9678
5445 8140
9180 9534
18 8667
3522 9182
260 1784
4977 6988
3411 7365
1615 4607
2877 3001
7025 8011
6498 8760
1789 5137
3621 5899
1697 7534
814 5726
917 8591
6693 6720
3374 4221
5547 7225
4707 5299
4366 7184
932 8899
254 3588
6508 8660
2081 8170
8160 8966
4944 8100
176 7317
818 2354
6697 7549
3463 7797
435 566
8208 8862
2162 7462
1167 8594
730 5624
4658 7184
3283 6146
33 8436
2539 6402
2453 2686
3130 8267
1566 5078
2031 2697
2144 4560
96 4934
4227 9068
147 9854
949 2894
5411 7579
3050 9442
443 5688
1929 2807
3575 4345
1412 6718
3133 8164
2009 8694
5947 8727
4662 8134
4044 9253
2268 4424
3641 3881
3102 7804
5524 9038
2460 4136
4772 7713
400 7159
362 6638
656 4641
3345 5990
3844 7623
1012 7686
572 6862
5782 6300
252 9395
176 2203
3538 5072
4300 4641
3739 9263
1878 9234
1666 8826
7117 7158
6431 7096
5440 9690
7019 9481
5426 7311
4121 9715
458 3434
6870 9129
4060 9439
5163 9826
371 2499
2714 9627
1948 5398
4017 7793
256 7127
364 8646
892 4830
4400 7036
3684 6600
4700 7971
3105 3217
4225 7449
2115 8665
5893 6531
1048 1327
5220 5728
3675 6753
5669 6786
7873 9140
118 7543
3657 5127
778 7064
2355 4567
573 1707
1856 5637
1364 2731
5357 6901
3903 7519
3987 7927
4264 4529
418 3496
3467 7891
5909 6367
3318 3338
365 1125
3467 4858
4599 6175
8396 8484
1096 8285
1962 3710
3032 4149
518 9971
2359 7318
6091 7017
3195 3389
397 3036
7738 9194
1466 5465
795 9461
2605 3523
3054 6796
5442 5790
2641 5166
4867 9494
8384 9305
1998 6228
4743 5708
4087 9275
830 1467
8457 9002
9479 9693
3918 7251
1284 1408
2792 7671
3697 5562
2198 4488
5138 7634
984 6485
4377 8741
8367 8964
5196 9561
9170 9288
4643 8860
1603 4544
689 4618
7471 9321
6716 7496
5446 6740
3770 5259
3319 8770
2409 4119
21 1715
1521 3162
877 5083
5643 6759
3034 7325
1649 3613
5198 6345
7233 9385
6343 7601
1195 2130
331 2779
4405 7877
7022 7660
4512 9400
618 9410
1456 8294
1165 5607
810 5150
3496 4767
2073 4964
3337 8423
2991 3548
6604 9483
4546 4968
4305 6599
50 2658
1340 7301
1899 4555
1191 6683
3517 5994
8903 9078
1818 2351
5921 8150
6081 7348
23 2676
3424 9186
5747 6011
709 7848
3455 4069
196 6805
4368 8237
3222 8971
2095 5783
2329 3735
2439 8333
2341 5021
6490 7489
7137 9057
1972 9584
2736 9751
924 4245
2391 7767
1567 3119
2217 8634
6282 7459
2906 7166
258 1617
1328 8243
3360 7336
363 4070
5650 7404
6544 9832
9004 9372
2798 7983
4047 6438
6767 6871
1190 7905
3098 7457
6422 7102
111 8400
1885 2768
2325 9227
9209 9511
4699 5051
4399 6745
3220 7568
2634 6949
5512 8988
4299 6514
4698 6031
8349 9003
4273 7279
26 5673
2431 7529
48 9404
136 886
4296 5987
1727 4932
3038 6251
230 521
4247 7263
2122 9928
4188 7622
2858 6549
707 7239
5440 7543
6842 8684
7275 9246
1613 8738
2041 3523
2722 8351
410 4508
2703 5857
7013 7519
7393 8972
8169 9193
3907 4835
5928 9697
645 8697
1550 8574
3724 8511
5321 8201
1857 9485
5988 8930
3920 5713
2824 6039
262 4731
9097 9175
2053 4701
4463 6635
499 1934
992 3264
6616 9401
1986 8323
2552 4799
148 8012
81 2360
4855 6866
3645 8339
6453 8885
2602 8528
1429 6190
4510 9083
4319 9515
387 9462
5557 9767
1556 9385
78 5445
2490 8206
7185 9450
695 6316
2510 7663
5755 7015
1180 1635
8067 8377
1990 4887
4474 5309
4728 8343
6455 9052
1457 3377
1319 1686
3436 7010
1466 2379
4377 4595
2933 7621
596 8417
6148 9016
5549 8199
3350 7909
7135 8932
4051 6007
3800 4210
4918 7578
2454 6576
742 6670
866 6965
2617 8260
9136 9880
3866 5961
1920 8857
4919 6985
6061 8495
572 1011
909 4568
8324 8918
180 5856
128 3185
866 7086
664 950
7040 8937
4325 6367
1422 7947
1030 4979
218 863
3166 8596
807 6856
8398 9779
3947 3977
595 6448
5003 6467
5927 6815
1018 5090
5189 7640
2797 8204
8017 8101
214 4541
2419 7763
7756 9228
4564 8756
3160 4765
6594 7022
2215 9690
5866 6283
1352 2347
1216 6687
517 4700
7043 8016
1683 5601
162 4243
3851 5292
1378 2521
2983 7697
3356 8962
4242 6611
2714 5294
3008 9447
3526 4943
3646 5045
6810 9656
4595 9358
944 953
667 6337
1498 5740
4660 5323
2084 6066
3631 5410
470 6695
1412 7888
1412 3687
211 4256
5114 8876
4226 8185
1630 9013
5095 6419
9334 9598
6209 8096
5316 7061
2749 5143
2265 6491
1448 4054
3354 4994
4381 8998
3323 5415
2946 3442
4694 7014
7096 7101
865 7611
6801 6924
3518 6822
8798 9968
1214 5809
541 6238
4477 5444
3329 7300
1078 7611
2738 9047
1174 1428
8326 9111
1824 2705
1913 4211
2512 4799
7558 9239
3637 5174
3874 9022
3501 7757
1099 3203
2494 9589
4471 9012
5028 5668
343 2668
1248 2774
3313 6016
1907 5628
1299 9421
3195 7687
5881 9290
1662 5797
5874 6133
10 8120
1235 3249
4929 6857
261 9459
5746 6887
1355 8269
1594 6565
6064 7462
951 1275
384 9795
3733 7218
958 1399
2742 5382
85 6200
3851 9159
1203 5404
6163 6357
34 8864
5705 7465
3303 8573
1245 6798
6274 9342
3334 7364
7573 7803
152 898
3140 7764
270 7535
325 9457
3840 6418
2405 9530
925 8927
6126 6596
3844 9277
1516 7153
4842 7396
2662 8368
1182 3601
2429 9069
6008 8297
5734 9226
1966 3417
1568 8511
3951 4192
102 7843
2182 9084
2743 5216
5489 7099
1306 5249
6235 6660
3721 8281
2576 3763
2123 8625
9516 9806
4996 6119
8660 9067
4722 5358
3510 7953
1868 7288
407 2305
940 5020
2517 8902
1199 4197
4705 9969
3050 9136
7186 8925
2819 8486
359 544
1449 6294
2052 2571
6339 6959
3168 5341
310 9138
5272 6525
7168 8009
3458 8823
141 2950
1307 5837
2747 7270
6143 9235
3655 6856
1174 4261
948 1474
6806 9993
4335 5834
522 9179
376 1248
5675 5868
7793 8448
2368 5638
419 1618
5547 8571
4375 6135
1285 1473
266 4234
574 4121
386 9254
4372 9809
6459 6623
2018 6198
791 3826
562 5989
8624 8726
7132 8823
938 2304
1714 2525
3816 6558
2503 9101
383 5694
4464 7533
458 6282
626 1665
7145 8240
5789 7178
5961 8453
178 980
1044 7776
1789 3234
3442 8158
3409 5766
2997 6761
36 4724
153 4077
2593 6119
1560 8487
326 7388
90 4142
5888 8217
7696 7831
5251 8828
3353 4302
5282 5374
430 6169
4112 5522
4504 7029
9593 9890
2389 8167
3041 9813
5823 7189
246 6762
2589 3502
8050 8709
7267 9495
1880 4762
3065 7403
620 8629
3271 9228
2639 8463
4086 8623
1402 3188
1126 9669
758 871
150 8865
2504 3579
4345 5356
9136 9506
721 989
4122 5055
2152 5342
1297 2613
1967 7023
3982 8687
7832 8607
604 5544
2030 7308
5738 6421
3931 9624
4631 6329
8036 9834
7421 8255
4967 7446
2509 7427
5384 9949
967 7703
709 763
239 6964
5841 7192
1326 9033
3716 9857
1023 6817
763 3214
2915 5378
9052 9111
2722 5212
454 8057
4515 7177
602 4959
1 7442
5235 9489
1731 8156
3773 7708
1465 8451
1124 4482
5000 6818
5793 8669
2071 3013
4120 9923
8287 9550
4765 5231
269 9071
5279 5452
3801 7662
5062 8901
1693 9742
3035 3699
3358 7358
1553 7224
1288 3277
950 4450
136 7909
2844 8305
929 5559
2481 5513
5803 9249
1343 4381
3905 4494
2470 9555
6807 7119
1212 3403
1346 1417
67 9472
7949 8629
1699 6645
3924 7890
341 3295
8766 9827
9638 9756
4528 5789
6513 6793
362 1139
2662 9617
4735 8748
4774 6195
689 6903
2437 4251
2991 9792
1893 5319
7570 9104
6264 8654
2969 8727
521 2071
4249 9649
2838 8917
4928 6002
8333 8753
563 4404
1232 5960
7505 8867
4318 8702
5734 7563
1704 8170
4077 7327
5765 6647
1967 4608
575 9073
6961 9117
5273 5367
8356 8858
610 2651
3619 9603
7148 8714
262 3365
1229 6335
3670 7619
4551 5153
241 8446
3873 6221
1865 9700
6801 7852
2176 7872
5440 9452
3476 6292
421 8498
4079 5279
5340 7235
3991 7381
2546 3389
1167 9779
4363 6206
2432 5438
3982 8500
6036 7352
5850 6704
2358 6428
185 7359
1329 5761
2447 4965
4459 8775
4564 8074
2224 6613
479 2329
484 2673
4155 8549
5376 8891
224 7408
8558 9584
7531 8320
2869 3503
5431 5565
5754 6713
5349 8879
1263 6467
2820 5038
4335 7554
63 6938
7004 7527
2208 7140
656 1036
1814 5523
955 9734
8207 8724
4052 4492
710 7688
5467 7824
6928 7919
1279 9565
6631 9847
3570 3671
5602 8951
2718 5148
4476 7385
8166 9073
5746 7360
827 6179
2002 6109
6446 9986
6310 9159
8894 8994
2392 6560
8154 8955
769 8389
5015 7555
4251 7159
10 5102
8420 8845
1224 4768
2481 6494
5248 5807
766 2641
1791 6047
8472 8483
7888 8203
5359 6577
3433 5894
4639 5699
341 893
4480 8564
2290 8619
6732 9912
4714 6287
903 3814
2038 2662
1699 2967
7452 7757
1375 6253
5334 7163
2426 4464
2505 7726
3430 6269
3175 5225
4701 8684
79 9416
7352 9512
786 3350
1811 2326
90 6801
3280 4231
4731 6991
4896 9273
999 7780
2191 4947
6659 9410
787 7143
4999 8499
181 7333
5678 8262
3381 5451
7259 9405
46 7374
2630 6980
5531 6522
4817 5718
1775 2036
4204 7181
6986 8758
3980 9688
1800 4015
5248 5941
4282 9989
3515 4111
426 7487
3356 7501
1566 8170
3231 3534
7800 8574
381 4482
3350 8100
5368 7295
5046 9459
4430 4797
1142 6795
8741 9313
1086 4914
8300 9799
277 9205
5451 6017
1696 9798
1101 3761
1247 3061
6274 7747
1274 1474
2220 5782
6475 9723
2079 4611
8202 8217
1796 7935
5449 7341
1400 7440
2380 4724
2407 4561
98 5833
7071 7623
622 5052
1439 9246
3108 5547
1501 5923
4166 8901
4926 6145
1097 4527
1570 2761
1933 2584
329 4655
3510 4251
2703 4451
1661 7494
35 5605
4377 9471
690 2567
3838 8668
430 1970
8471 8997
1777 7790
2572 6075
3728 9964
920 1982
61 2746
4512 5579
3099 6235
3113 3918
4682 5761
1144 5110
3706 5186
2785 6304
168 8241
4533 5638
7396 9126
3145 3843
605 7461
1252 9783
1319 2603
2484 3868
11 9691
6649 8522
1914 5930
118 5387
6382 7949
4976 8315
2109 5388
3554 7165
1014 2677
1200 3850
2411 5460
845 7823
4353 6057
454 7938
2890 9107
1851 3551
7394 9322
1673 6928
4506 7504
1579 7266
6510 9504
1085 1510
37 5556
3108 6970
1752 6928
4532 9627
1798 4829
3766 4432
2496 9826
564 7702
316 7600
1761 9377
1732 2260
5648 8721
2227 8389
432 8943
4754 9676
790 6207
1786 2496
4583 9794
2757 8554
374 4508
8419 9062
6891 9731
7774 7863
3773 9696
5067 8860
2228 4534
3153 9988
636 6908
1974 6344
3970 7766
995 6023
2130 4642
1786 2617
547 7361
4272 8333
2221 6746
762 5034
1921 4239
8340 8890
3679 8233
1685 2979
5235 8794
423 2306
4185 8041
6372 8011
11 5745
5788 8714
7130 8592
5075 6297
4438 4959
2349 9267
1239 3508
1531 4848
6364 6551
8263 8269
2504 7340
472 4046
107 9546
2225 7925
6824 7704
422 4454
4721 9862
2316 5828
414 6256
6708 7263
2229 6583
1186 2342
2072 4384
1844 5200
3229 4482
3292 9197
1606 8297
663 1483
2354 4484
2309 7222
17 2311
2816 6006
4605 7593
4116 7136
1755 6784
1397 7076
3491 7084
2968 7043
5026 5142
3143 3368
8987 9774
3717 5855
940 4393
2657 4377
1531 1828
770 5113
4937 6201
2031 3871
5626 6719
3578 7847
4126 8884
1855 5042
5545 9211
2980 5188
207 8275
5587 8161
3242 4370
6791 8563
824 9671
6548 9596
164 8578
613 4240
6499 8162
157 991
4686 7127
2948 4539
3579 9775
5231 9172
8496 9405
1321 8383
2308 6313
1047 4882
6599 7696
613 4361
299 8106
2806 4082
4091 7856
4621 4638
3845 8618
4944 5328
1253 3940
6614 7223
5067 9599
5170 9054
1985 7501
7014 8096
378 1461
4615 9704
2081 3533
3871 9960
2369 9598
4208 5115
2286 5628
1147 1154
1078 1320
5339 8422
621 9217
655 8276
6219 6256
4856 6504
6509 9213
45 884
4981 9653
1958 4752
3131 5841
4667 4767
5279 8529
2191 4465
2120 8197
712 1054
5235 7439
4361 8632
835 4837
1207 3019
4921 9723
3560 8583
143 3526
784 9975
5796 8940
345 9110
8624 9401
3540 4440
3581 4441
4892 9436
7039 9270
238 5786
3821 5362
3238 5041
1737 8028
4839 9317
1983 2607
6432 9760
5783 9351
2992 7200
488 4621
1336 2207
3640 3745
887 4101
1489 3203
874 3344
6859 9460
4677 9605
8438 9776
3130 6797
4699 8869
1841 5762
4731 4886
2255 6799
2663 5870
3724 6718
6773 9164
2136 4892
5776 9469
1566 2561
437 9126
5289 6870
3976 7464
5846 9942
2059 6106
1340 4958
330 369
4046 7937
107 4232
1677 9158
1123 5374
3779 4331
5062 8261
157 6978
1153 5482
513 4627
1301 3165
1541 5069
2122 4297
2012 3671
3619 4049
6237 6686
8272 9497
9378 9593
2666 6117
1528 2282
3054 4950
3305 6518
5087 7917
2313 7921
7125 7727
443 7843
758 2714
5298 9039
1686 8173
3086 8258
2723 8206
5488 5901
7282 7603
4503 5506
5 8748
1156 8129
4384 8066
5273 9625
8619 9554
4254 5741
4252 4877
2877 8794
72 6479
724 743
3497 9145
3206 9198
592 4007
6101 8208
2615 9696
2589 6297
5722 7357
1673 9937
2296 8933
832 4891
5004 9063
11 3732
2736 8939
5991 6993
568 2603
2314 3554
2791 4445
2412 3860
6365 8631
3347 6060
1108 9377
4967 8363
3405 3557
4134 5164
9046 9338
3719 6871
3793 4834
1628 6380
2342 5723
5437 7760
8878 8973
5179 9939
1261 6852
5019 8001
3064 8862
4795 5812
1923 5510
1873 5918
704 2504
3845 9841
8606 9224
2190 7022
1235 4355
347 5650
5039 5391
1245 5568
668 6459
2108 5677
2096 6377
585 6690
1695 1832
7195 8428
2484 8408
4461 4596
3442 7357
178 3562
6953 9834
6862 7235
742 931
4809 5050
3336 3440
2909 3861
3480 8817
1042 2849
3505 4151
671 1401
1328 4411
3795 9094
1087 3265
7513 8895
278 4853
7105 9558
4039 7468
524 6077
3975 9964
4754 9665
645 3334
3628 7870
3943 8928
156 5092
4137 9962
7243 8216
584 6064
642 9452
482 5262
3192 8242
8971 9823
2851 3519
3191 4082
6391 8121
1895 8026
3638 9231
629 2050
3021 8774
4502 4583
6353 6553
3524 4901
1719 2552
2266 7151
3643 7481
1210 8044
873 2797
4147 5065
5367 6229
2999 7187
5296 7746
8422 9887
1471 7590
2004 8090
3189 4049
6850 9695
978 1241
6356 8177
1740 3550
1571 7942
132 8131
177 2949
2232 8856
6877 8522
3563 9070
125 3927
1744 2622
1386 7115
720 7254
4182 5143
92 5736
1690 7755
1055 7244
2633 8907
261 5922
314 7505
4591 8465
3593 4869
3663 5608
6385 7659
4038 7471
3348 4055
5502 9032
8478 9886
1524 3679
629 6964
9562 9994
6950 8074
3471 8555
1050 8189
7003 7708
683 6446
8346 9437
2518 6688
6250 6387
641 2773
3046 4363
4919 7341
3047 7217
6789 9590
347 7436
7171 8194
4005 4971
6830 7901
634 784
981 6490
2810 8967
1886 6367
4031 9538
2343 8040
2763 2964
825 9131
40 3428
4224 8132
5738 8319
3928 7087
4196 8824
4294 7144
4533 7426
426 6389
823 9472
8586 9432
7824 8880
1458 2106
795 9898
511 1737
1901 3578
2816 6358
4025 9356
5644 8576
4797 7886
5817 8733
3145 6570
3298 9027
2152 8529
1789 3522
2486 9866
4198 6803
2686 7187
4458 4929
4724 9478
8063 8465
1315 6793
9563 9949
2686 6369
3071 4490
5722 7533
6880 7856
2800 4670
3321 5833
883 1851
1368 9773
1700 4096
1571 5406
6744 9658
2343 6188
5641 7352
2967 8984
780 5816
823 4466
5876 8387
5119 5964
2120 7836
7354 7897
3205 9041
1658 9468
5130 9765
139 1060
5224 7414
2738 7885
6169 6424
1110 9370
4174 9842
1717 5618
3642 4585
2169 4924
80 9232
2544 3818
7466 8488
6540 7505
7135 8617
6517 7521
2150 5850
1706 6102
2341 6384
5403 8998
690 1698
4704 8731
2257 9359
3009 8240
7169 9140
2876 6893
6470 8873
5291 9696
5468 9063
191 8403
7329 9772
8439 9115
4488 8554
4154 7217
1830 2088
4998 7084
5710 9764
4208 7224
3517 8767
4392 5998
6367 6772
6320 6431
2985 8354
1700 2136
2978 4968
3816 6067
2694 5438
4283 5947
3815 6596
2743 5330
6003 7663
3510 3745
6032 8889
41 2470
6095 8420
3779 5367
1733 4878
3808 4607
1248 5129
1600 6749
368 6248
6408 7604
1313 6426
1495 4188
695 1129
1216 8708
6892 9639
5498 6336
415 2243
5110 7688
7904 9319
325 3518
1884 2199
3776 4695
4154 8519
498 2951
2022 7990
1031 5666
1073 7060
1863 3015
6828 8284
5321 9793
1601 6950
3051 6856
1595 2217
7911 8167
342 839
6090 7271
2501 5931
6365 9196
1518 1933
979 7317
4396 5958
2701 3481
5467 9251
6711 6837
3798 9944
639 8417
3803 6841
1198 1699
762 8487
5204 9551
930 8071
2351 7276
4462 6662
2294 5722
587 8900
5160 9444
2161 4146
1421 6322
1685 7829
6938 7903
4090 5743
1793 2932
932 3835
4367 9929
7598 9117
5172 6421
3432 6682
3584 9668
6311 9323
1342 5103
5306 7589
3829 9472
3919 5753
7129 8531
4498 6598
1678 3746
938 3707
881 7145
1089 3876
2820 3795
256 9271
780 5750
5329 5479
1621 6100
5015 9224
2226 4490
5109 6607
663 3889
4634 7317
3488 4604
2724 7655
2877 4716
3498 5063
249 4020
493 6861
6856 8493
2866 3803
4421 8192
4808 6386
2017 7241
229 8737
7746 8705
1929 6374
998 9248
349 8802
7517 9407
1084 2606
4340 7220
3999 7156
1395 7837
3661 4653
2429 3398
4275 8259
906 6397
1751 2022
1563 7155
1124 8542
5305 9528
7641 9298
1052 7619
8077 9865
3103 6762
4545 4592
6960 9085
6490 8907
6172 8103
6330 9443
1658 8368
4569 8598
2020 6734
2013 5563
360 4214
1361 9249
53 9167
1646 7432
4437 8563
5390 6202
1033 6185
2237 6624
2512 5331
4769 6269
3499 9448
7303 8498
5144 5917
1995 6273
8084 8834
3239 3630
6052 7489
2578 6099
902 6641
100 5199
4123 5370
3188 6553
4139 7041
1426 7055
389 1811
7591 9840
487 885
4654 6174
1328 5702
2969 8586
7169 8390
3071 4921
5987 7252
3428 8871
7454 8788
16 6669
1151 9452
1137 9517
58 7309
3346 10000
6864 8693
3092 7609
855 9804
2063 3532
6249 8834
7539 9505
2286 9202
471 2230
4216 8055
3211 6779
649 4451
1533 5703
3675 7408
5368 8267
1794 9908
1259 9106
4464 9554
1551 4030
4491 9162
630 3162
1005 2056
707 4577
3388 9714
3374 7601
7458 9445
4213 5892
7561 8109
3223 7139
4262 7474
4207 9524
7562 9502
98 1207
2656 6274
6768 7426
220 675
400 1774
403 3240
523 8260
8234 9033
1707 9215
331 627
2347 5411
4198 7610
2802 4234
4438 9514
6728 9168
147 3664
1850 6002
2943 3715
231 4072
1198 5847
7428 7593
5900 6276
1170 7963
2264 4824
5471 8085
758 6972
534 5278
3679 7432
1805 9642
4847 6191
5361 6412
7470 9926
46 6628
2090 6778
3723 4176
916 8204
3175 5539
3340 5872
8763 8801
835 9942
2236 7771
3762 6504
6651 8961
5231 9392
30 3092
1287 9019
5874 7283
2978 3426
1520 7537
1663 4876
3359 8221
8596 9977
1597 4522
8112 9635
5533 5714
483 8443
4423 6142
6006 8112
1181 6795
1714 9244
4826 7249
2104 6955
8286 9936
672 3885
3332 6519
632 8687
1912 3752
635 8204
6760 8207
2235 2944
5949 7699
6379 8744
1312 9614
6052 6134
4082 5704
4482 4591
3729 9723
3732 5298
3183 6022
1482 6211
6408 9337
6196 9683
7095 7500
2929 5324
3240 6943
146 7760
4626 7322
2742 4680
2396 4043
7647 9669
4388 6218
6419 9324
2696 6964
7355 8743
3071 6841
2040 3361
1589 7626
648 1410
8063 9998
2750 9644
788 9563
3666 7172
7088 8106
1083 3738
4286 8277
4128 6708
2617 4806
2328 2717
1108 3502
7301 7581
8545 9893
2380 8542
9274 9514
6220 7249
8809 9185
2243 5504
5256 7502
5751 9925
3082 7242
5405 6807
4534 9732
281 7143
910 3150
6166 9120
3960 8413
524 1128
2993 5214
3870 9917
1007 6466
5627 6627
1351 7996
986 7346
2741 9837
2873 9993
3243 4571
8184 9254
2038 3944
1281 8691
3375 6676
890 4605
300 3342
2103 6813
697 6425
2309 4932
4950 7287
5806 6454
4779 5190
2241 7686
5189 6751
3009 4525
4509 4777
7341 7932
218 3128
2401 6857
5441 8958
2363 6336
1081 7475
3822 5567
5914 6926
3450 5961
1591 8974
4805 6761
9335 9887
6711 8933
8676 8790
2005 2841
6125 8543
2947 7969
2565 5652
2238 3079
2280 8674
6552 7075
4809 5604
2837 5064
1001 1416
7958 8860
317 6382
4933 9282
289 6054
2322 6052
3103 8603
113 1664
2549 8983
971 5859
6010 9091
974 7325
2675 8799
1619 4619
4024 6438
3905 4797
4672 4673
1250 2241
701 1016
477 3257
3271 6874
7312 7823
3467 4305
727 7835
5127 9390
514 1311
1795 8349
1325 9366
2426 7169
9249 9954
4333 8482
3930 9297
6745 7567
3033 5073
853 5062
5252 9691
646 9724
517 683
3886 6746
549 3604
2856 8860
2185 7901
2892 4316
4617 6147
1556 7141
7598 9590
2374 9759
2422 5306
6364 8033
7704 8296
3898 5938
1489 4872
3440 4306
3887 9950
2870 6893
1395 8886
2431 5311
528 6820
1538 4239
2625 8294
32 4438
2277 6793
8166 9000
671 3607
6326 7862
9614 9799
9385 9976
352 7762
5357 5785
1188 5819
4290 4597
1331 9022
751 4246
5912 9161
7679 8545
6139 7928
2226 7888
1514 2727
3540 8687
59 6355
6107 6138
7731 7917
2844 8166
7211 7393
222 3343
3714 9217
7702 8613
3662 4368
6509 9272
1841 9888
485 9846
1719 6515
4038 4884
7197 9151
464 8511
7589 7689
4046 8680
5992 6538
6580 8923
7426 9388
4473 9427
5330 8553
1715 5992
5509 6569
3929 9034
1269 6171
2492 6852
1404 5541
4718 8147
5690 9246
3567 6322
3305 6551
2445 7679
5 5048
1985 7923
7590 9617
2874 9253
2117 5864
3759 7926
4461 9164
548 9124
3707 9227
2525 8318
5121 7224
685 9395
1182 3785
1354 9224
115 3351
1448 8105
3191 5146
8167 8847
3781 4157
6680 7073
1607 5883
3166 7304
304 8885
459 6315
278 9421
4822 4834
2031 4898
238 6087
3022 9245
3106 7667
3297 6969
4641 9337
606 5961
227 7325
5750 9246
1543 6248
8991 9351
1966 4661
1527 7997
1179 2295
1917 9091
2106 3328
5137 8615
1930 7303
619 3540
6288 7959
1465 4500
3122 4470
2077 7996
5769 8562
956 6545
4433 9172
6523 9704
1655 3284
5106 7171
173 3840
3479 9295
6576 7500
7792 7993
4270 9824
3604 5799
3366 6385
2272 3145
5477 7757
5592 8498
100 1497
1115 2000
1142 8253
2620 9978
5254 9442
1488 6446
1020 4880
2659 7691
1004 4118
2719 7742
4032 7148
3204 6996
616 5699
723 7259
2461 3919
2894 7450
2450 5487
468 4525
4684 5734
5697 6834
568 2891
4045 5518
3463 8280
2453 6660
385 3443
3697 9386
2823 4429
3204 9224
4807 5437
6173 6426
1183 9206
3578 4941
603 754
2937 5847
5089 6025
273 5723
5722 9644
1183 3729
632 6824
2356 5801
3412 4127
110 9408
1598 6159
4466 5753
882 3737
3929 5585
5241 5786
136 7596
4403 4421
1389 3955
8916 9566
5659 6713
3804 4772
1450 9792
7254 9188
7588 8310
485 8625
100 9457
1638 7749
974 3568
6309 8636
1123 9555
7754 8198
3810 8350
1640 6812
5038 5174
582 3983
4418 7681
7603 8968
3633 8394
161 1186
813 883
6686 8744
4943 7273
2856 4043
4196 8507
5698 6388
2702 8006
1093 2334
7096 7824
2648 4279
2056 2152
4244 8174
391 3984
3772 7132
2631 4046
3589 5210
3267 9360
2285 3143
6478 7667
7444 9446
5876 8996
424 899
9152 9647
2159 9834
418 596
5244 7507
2890 6377
966 6551
2590 9791
1243 3153
2722 5746
1399 3437
8647 9367
4496 9455
1249 7290
2300 7221
3499 9760
4545 7361
2752 4349
2951 5461
4341 5087
4449 8296
1655 9405
3800 7887
4103 7659
1210 8466
6351 7316
401 5853
437 5281
727 6548
1560 7303
6609 9008
2332 5833
465 2081
5279 5757
2003 7055
8023 8991
2001 7948
1173 3107
3590 4751
2553 5657
4130 7361
3020 7523
1502 6665
2881 9845
3044 7328
40 4655
2992 8858
9007 9255
4967 9174
4984 6603
4514 7364
395 5004
899 4766
4183 9708
379 2027
2941 4089
4960 6367
4664 7308
4944 9806
4920 9220
127 2974
7924 9641
2869 7633
3693 8797
2134 5723
1194 9006
2457 8820
4284 5037
3455 5478
1170 5939
1151 3711
8917 9567
6243 9021
665 9150
8249 8650
470 3727
3192 5778
230 4011
7960 7995
2809 3273
6308 7874
5100 9945
5965 8932
1650 3516
4014 5297
2873 8398
3807 7219
651 9373
787 3784
1138 2321
5585 8647
1010 5290
1178 9304
1378 3996
4906 9298
164 9928
1593 9253
6378 7007
5932 8647
5195 8354
441 9684
6196 6707
2085 8143
4626 9365
777 8852
1780 3077
2074 6035
5124 8824
745 6833
3496 9814
4055 9549
354 9163
841 5309
7615 7973
1104 5948
1978 4526
4478 7925
1494 6628
188 3209
3865 7173
2337 5856
1340 3946
2926 8651
3039 8528
704 5196
2137 7673
2061 8846
1722 9151
4387 5942
1452 4308
6137 7308
3564 9517
321 1415
1410 6297
2086 3133
8567 8662
5575 9527
4267 5244
4129 9969
594 1015
5406 5517
3064 3983
5625 8301
121 2229
9508 9630
1261 9328
5764 6918
1423 1513
956 2801
501 4621
229 2701
6588 8533
2930 7551
4559 9445
739 9862
1723 5831
384 7190
4131 7655
476 8176
3368 7898
4433 7993
3803 7826
8555 9833
811 1484
4990 6864
4166 5434
384 3928
647 8997
2713 9135
5719 8959
1937 7453
2288 8205
2183 4247
8387 8973
1895 5241
4957 5640
2051 5525
965 6539
6433 8716
2952 8370
2799 7862
2410 5872
340 6975
2535 5049
18 6924
4350 8345
3598 8481
2830 6394
1686 3562
2398 7703
221 5977
773 6719
7075 8075
1409 8357
5199 5294
5275 5841
4476 6885
1878 9101
4598 9800
1610 3688
2714 5172
6330 7140
4453 8887
8061 8291
8098 9607
1593 3455
237 444
1102 5847
2926 3779
3497 4763
2733 6353
8722 9205
7264 8886
8100 9387
1677 5031
438 3588
7081 9933
1852 7772
4340 4930
2734 8160
1397 6145
6221 7274
7611 9115
1233 9191
4679 5564
6320 9202
3619 4352
3121 6061
7687 8881
4282 8079
8129 9980
4780 7538
2920 9683
1275 4354
3367 4252
7054 8150
2463 9215
1219 9414
8292 8402
2683 2802
4131 8031
6899 8249
1104 9841
1300 7501
412 4366
3061 4596
2662 9051
17 9206
4535 9814
6376 7390
1431 9418
5982 7988
299 3671
7957 9765
2343 4316
1032 3293
5718 9110
2406 6358
3667 7560
5042 8598
342 3489
356 1172
1925 6664
402 7411
701 9959
3342 3912
317 6586
4954 6391
1096 4072
309 7634
244 2809
5374 8640
355 6289
1730 6344
4214 7032
1103 4462
1559 6462
2705 3513
3855 7853
6841 8900
4938 5750
5211 7077
446 5774
5544 8943
6454 9393
6010 9645
3028 4782
5848 9583
516 8987
1226 8854
6126 6595
8278 8722
2378 6622
6766 9106
2239 4743
3636 5311
854 1519
4909 8553
2863 9525
1213 8282
484 3154
7201 9448
7077 9678
3827 5781
2901 8999
4356 9020
2078 8437
7779 8149
2077 8737
4317 4598
3078 4387
2400 3011
1100 9694
1771 2251
1188 4145
6419 9799
4284 9790
2226 9247
6233 8885
4115 5551
2002 5301
1651 4320
6375 9463
2065 3371
1040 5600
1773 2970
6640 9165
8493 8781
3763 8519
3756 9526
2204 2668
5793 6748
2360 3181
6088 7605
174 7785
4477 8276
1397 4790
354 8426
8236 9798
3384 8607
101 8734
376 2523
3630 9013
5450 7735
2270 8741
3975 9691
1301 2234
4487 8819
3398 4691
6439 8185
3310 9193
1987 4898
512 4639
529 8255
9247 9899
343 3406
2008 2742
1679 5950
4037 5213
2818 9606
7185 8833
8133 8343
1794 4853
3148 7037
8079 9275
2143 3280
2843 3957
816 5171
6578 9552
2180 8043
6221 8497
1755 2417
4851 8291
1291 3451
4154 8888
4739 5606
5733 8679
2507 2924
3558 7322
3422 6458
4769 8932
2304 2861
6995 9059
2637 4202
1410 3816
5689 6128
4870 9243
1143 8427
611 6351
5278 7991
3611 6101
2019 8475
1318 9596
4090 9253
2935 6003
1341 1888
8106 9162
3073 6876
3165 5647
455 3192
5470 8053
5355 7837
5284 9583
5378 9218
4093 4461
3910 9672
6353 7582
7874 7957
6549 6999
6853 7905
2562 7010
3231 6122
354 2507
3874 8968
2430 3629
575 6118
4960 8597
9743 9954
3200 5725
3925 6166
35 1414
3921 6461
7515 8670
7525 9129
233 6768
6246 8516
100 7178
3787 9615
2479 8301
2031 4647
7688 9766
7825 10000
661 2226
7350 8724
987 7351
3994 7289
2824 9652
3474 9505
1495 9484
1357 9779
2190 6104
2040 4588
1328 8031
1359 7344
3090 7300
557 7888
1925 5806
115 5328
461 1764
8528 8817
87 9696
5818 9543
1020 8817
6027 9653
1001 8575
4956 7269
4280 6757
7862 9141
135 3176
5613 5849
1475 9397
7380 7411
5504 6845
4643 9963
278 4164
1589 7698
3607 4907
5642 9933
493 1874
910 8807
2732 7861
4853 6740
489 9982
997 2804
8159 9485
4976 6581
1053 3904
1476 5956
3981 5498
4545 5082
6929 9996
690 6444
3152 9588
4119 6142
9301 9948
5794 8610
4352 8565
195 3469
940 6363
4909 5709
6528 8605
1330 6023
5913 7026
476 9117
2795 9206
594 6857
5098 6813
1707 7932
6565 8645
2988 6568
3820 7364
6947 7892
4815 9615
82 5406
696 2825
3732 8419
456 2318
877 8764
3986 9238
2518 7972
1823 9167
5264 5425
1713 9938
1135 1596
5543 7994
5128 5766
839 2766
155 9947
5093 6482
3183 4834
1476 3057
2434 5241
6226 7206
1382 7071
7652 8475
2323 9574
370 6573
2001 7079
4151 8645
6840 9765
2635 3201
2332 3917
2072 6730
3751 4244
7288 7380
1816 6481
582 7102
3629 8196
6838 7854
8388 8930
4152 5985
635 1781
2402 5558
5867 7394
6966 8534
1252 9822
7222 9951
1279 7444
233 3198
3166 5927
114 1520
186 871
4859 8772
960 8896
2142 5375
1705 7323
3236 4185
6586 8020
4917 6498
464 852
209 8210
4030 4460
1994 8594
3778 5407
55 832
9034 9162
6139 9142
1707 4336
2149 8653
8496 9752
3694 3723
657 2334
7045 7672
2133 2229
6133 8573
2214 5335
5295 6013
1501 9600
362 9327
4270 4822
8035 9808
7280 8966
1529 8652
8134 9521
3965 5354
2471 6839
5881 8473
1982 6382
1925 3404
7258 9069
1728 4516
79 8113
2868 9400
1046 9851
423 8411
1269 2955
5938 7408
984 9387
8422 9816
1963 4046
8420 8952
3573 9337
123 9287
2862 5798
3778 7756
1526 4193
1806 2261
6384 7121
3590 6244
5112 9702
3028 5952
3971 5118
1201 1629
2479 7201
8566 8898
3963 5937
73 3171
2285 3134
8525 9540
5262 9353
919 3084
716 6431
4998 6274
2362 7969
1305 3793
121 4272
3218 7890
1594 3667
606 3792
198 4455
8183 8729
8131 8539
7388 8266
2215 9612
4870 5715
198 3179
872 4850
5207 9952
111 3705
2134 7445
971 6778
4850 9385
3812 8935
8117 8267
4061 6192
5049 7501
2721 4882
2354 9784
7844 9276
7704 8973
1544 9915
2843 7208
302 1556
3421 9134
1582 1805
4407 6721
4255 4378
4014 5743
1674 2333
142 1311
3392 9372
6559 9299
1616 3560
5804 6922
5105 6655
2073 4149
1782 3448
7821 8632
2667 6056
2116 5953
288 6855
5678 8624
8142 8165
4100 9701
996 9305
1381 7426
3831 6278
5443 7000
2122 4657
928 8383
799 1328
2822 3082
6858 9837
6968 8019
7914 8163
1090 3463
4847 8588
4966 8539
4683 7433
1579 3627
2690 6282
775 5522
4415 9833
437 4480
1125 8789
3991 9771
3597 3953
3719 6868
613 2198
3068 5595
2001 3175
65 7991
5256 7187
1287 1388
1484 9072
75 4774
5226 8476
2468 6246
3493 5185
764 8904
7808 9177
1860 7558
3828 7390
473 1521
5333 5542
2690 8510
2332 4335
2034 4678
7847 9290
1319 7850
3491 4479
4642 5809
4461 9144
3489 5601
2073 2310
5603 9459
7867 9124
4740 7778
1144 2981
728 5315
3406 6771
116 3970
4044 6762
3266 6468
1846 8131
1218 8562
4487 6285
2618 8647
6207 8297
154 3215
6263 8872
3589 8289
8623 9753
2740 5082
4734 5869
1007 6285
3500 6527
2779 8191
5239 8256
970 4151
1259 4779
6195 7132
529 4445
4420 6352
158 4209
4461 8339
5701 6974
4123 5836
1831 5355
1017 8814
6117 8646
3104 5628
125 9172
3867 5129
2497 6384
2349 8435
680 4964
150 5967
700 8060
7126 7762
4197 8158
3871 6416
1488 8291
980 1176
4756 6809
1800 7331
3328 6433
420 5683
3494 9583
877 9571
5464 7798
2035 7871
989 8580
256 327
2446 3012
510 1641
3734 8518
4801 9440
3567 5631
1910 5661
2706 4814
1092 6197
309 4805
6778 7587
119 9074
3359 8082
3882 3922
4974 6106
688 4572
595 2129
5242 6823
44 4995
6743 7485
2684 3190
4953 8154
7475 9097
2002 4324
78 4764
6318 9184
936 2809
4272 6709
1939 1989
810 6376
51 5304
2415 7876
2891 7805
5057 6935
1240 8818
2243 8035
3633 9647
3953 6848
2212 6241
8337 8459
4462 4739
3792 9640
3054 9674
676 9944
5645 6287
791 1788
2843 6229
6791 8670
7513 9860
9137 9424
644 7861
969 3228
4188 9761
9281 9846
6192 9021
6729 8731
1316 3043
5037 8245
969 4396
5375 5766
2007 5031
1181 5972
2368 9211
1530 7846
136 4314
509 7794
984 3886
7314 7556
4363 8422
1214 9532
5063 5386
7588 8290
3087 4845
2143 6733
1115 9940
8283 9754
8264 9512
5963 7750
5944 7471
1083 9907
5444 9814
425 5477
6813 8334
247 6639
3118 7470
1614 8725
5974 7764
1796 6258
3446 9221
3957 9962
1889 4005
1037 5940
6154 6419
3924 9785
2635 5781
8292 8648
6351 6933
145 5544
1718 5291
5964 9678
3696 9783
2705 8176
675 3265
1347 6812
6190 8412
364 5029
369 7130
4665 6908
7342 9186
2662 8479
5406 9764
4926 8898
2892 8941
294 4741
1264 8211
452 6081
6038 9748
4202 8049
7037 9718
551 1630
4568 8143
3568 3976
2336 3475
6351 6946
2416 4932
5614 6387
531 8747
3633 6293
3442 4510
551 3966
4030 4717
5058 9323
8404 9252
399 6726
683 6256
1510 8923
2167 7732
1561 5707
3441 5197
2536 2610
5212 7144
2182 9437
3588 5624
1179 4558
8737 9253
4482 7298
862 4393
4569 5991
3234 5806
5133 8019
1880 2161
2497 9714
3390 4333
6664 7355
1571 1820
2123 2562
323 8959
2086 7864
5527 6108
2263 2313
1482 4488
8679 9433
6736 7645
4842 5776
8952 9299
5929 7845
3448 5213
5060 9382
4874 6748
7455 8298
3317 5696
2026 8264
8576 9951
1723 8226
1950 5007
5642 8017
4002 7950
1779 2910
323 6865
3404 5557
470 3357
5819 8323
568 2468
4682 6662
1058 8482
789 7540
5949 9372
3282 3581
4586 9583
333 844
7944 8812
3269 8486
526 8069
3869 7727
9032 9076
2201 7864
2428 8809
1234 4399
7388 7584
643 5621
242 7263
2534 7515
3752 8081
7995 9982
4376 8699
2394 4960
5778 9086
1700 7289
2390 7470
5494 9852
5667 7794
1388 9417
1259 7317
4526 8643
507 3252
1704 7179
498 5647
5735 9389
4238 7193
2543 7685
2345 2745
1658 8231
3210 7919
3060 7157
1668 4452
7765 8823
2619 5236
3716 9713
7179 8470
2040 5034
8352 9559
4350 6323
234 9896
7278 8183
8033 9513
3762 8782
1663 6215
3590 3831
1750 6894
5273 7880
6966 7544
1909 9102
3707 8028
5446 9794
6625 6756
2529 5548
2620 7127
6167 9261
3906 7864
5690 6892
1507 3056
6727 9369
2787 9226
791 5589
541 2445
2910 7347
3892 6919
7362 8833
5953 6713
1237 2148
5312 8868
368 9320
1357 8373
4003 9086
4361 4364
5941 7763
4618 7669
2574 9239
4255 4877
1307 1547
1592 7866
7837 8954
8117 9237
2939 6075
1774 2366
1641 3005
3308 7635
3466 3791
2270 7148
6480 7640
4627 5809
3572 8876
9611 9859
6321 9044
2121 4810
4611 4754
2653 7559
6276 6305
5990 9883
2667 6676
1261 8274
5275 9083
8766 9925
4521 4945
4961 6974
2421 4405
6798 9275
7073 7228
4031 6020
4216 9449
11 3639
3118 4747
1557 9440
1433 5469
4535 5001
1620 9725
4800 6467
1789 2098
1854 7448
7626 8316
804 3689
7529 8383
8279 8386
5452 7332
2518 9828
4581 6056
5217 7694
7128 8224
6175 6909
480 2289
6350 9879
3867 8635
3351 9536
8681 9305
4760 5240
823 8290
4696 9914
2067 8616
3887 7301
4656 8566
2185 7817
1734 7881
3687 8704
4423 5066
294 4004
4982 6750
5476 7810
3860 6380
6848 8062
2340 6415
4965 8274
5646 7440
6219 9022
5081 5416
728 7090
1110 3745
956 9694
4894 6758
1701 5381
4042 8464
5857 6576
4914 8164
1283 9005
1374 6420
5787 6746
4 8200
2628 6939
7211 9403
2779 6583
4720 8298
3656 5395
5524 9032
4999 6932
6585 7665
5298 9443
4510 9922
1714 8181
2283 8338
7069 7485
2994 8844
6733 9485
1535 7132
3574 7204
7117 9596
7187 8120
2772 4715
2438 7579
3911 4759
917 4760
3630 9435
3826 8327
1556 8130
2099 4851
420 692
803 4594
8559 9799
4237 4636
3020 8873
6972 8841
1037 1499
2019 7487
5224 8460
1475 9080
776 9308
2610 7928
678 5538
344 4201
8637 9345
1629 2350
3468 3492
522 6688
1558 1881
2334 9750
162 7873
5939 8819
5646 8045
202 6188
5991 6242
7267 8506
8258 8652
2117 9873
7931 9718
2829 3397
1843 2134
3677 4955
3078 4138
862 9388
6622 8970
4640 7254
7518 9256
4326 6569
1943 8673
1867 3696
2510 6771
5180 5626
4218 6972
1983 2824
689 5646
5537 7886
3591 5827
4362 7919
4102 6531
1459 3083
1035 9666
1639 4182
3844 5189
1425 3435
621 7353
5538 9693
1073 4710
2473 8959
8120 8435
6552 9971
5879 8939
3133 4804
2958 9647
2109 9887
1440 4130
813 5429
4792 7220
3675 9675
6397 8986
1201 3030
4984 7161
3217 9534
3289 5438
3399 9282
3129 9421
8182 8387
5767 7772
2692 6387
4197 8215
3526 3580
2488 7560
1078 8450
2169 9729
5204 5336
2109 2545
4944 8149
3067 8893
7291 8566
6217 7190
6826 8466
2917 5687
799 2353
2130 9249
1249 9500
8307 9442
3119 3872
3103 7540
5269 9602
5522 6813
663 4680
2824 7859
630 6489
3460 7777
4052 7423
6839 9344
3374 3573
2677 4170
8390 9827
4197 5303
8610 9830
4317 8108
2522 8433
6085 8589
2704 3485
5475 9599
790 1607
1523 4612
6134 7434
5972 8833
2595 3434
968 9988
4380 5316
2508 6175
6842 8423
1732 3739
7926 9440
3384 4762
2695 7169
169 8736
2230 8567
1232 1817
3312 3876
2554 6412
2093 3802
1093 8074
1277 4448
3684 8851
1091 9950
5485 8048
6782 8944
9158 9833
2797 3137
6477 6847
7165 8416
3247 8032
4193 5961
4310 7300
678 4304
1787 3917
870 8675
6415 8369
1276 1715
4414 7357
4995 6585
2103 4382
1244 6378
970 7041
2508 3384
7723 9353
1785 2760
4088 8769
1269 2880
6573 9830
6021 6873
2091 5203
1958 8057
3613 8395
280 6981
282 3378
6751 9607
3179 7645
3258 9924
534 5585
3536 8148
1254 7860
760 9311
3656 4308
502 4320
3062 3569
8003 8481
2412 9580
3673 9321
2549 7370
417 2906
4629 5228
1184 3307
3923 6234
8427 9159
1134 3486
4752 5564
4003 7920
1792 3163
4417 8957
5678 5958
4840 6845
69 8760
3410 6588
6075 7580
2558 7540
5388 8599
2465 4868
1624 7901
710 7746
686 5137
803 3736
1 2065
2746 9173
3190 6477
3446 8352
3726 3976
1377 5176
4030 6868
3149 9334
1585 3893
7125 7407
1689 3721
7249 9136
5124 8832
6091 6369
7049 9785
3002 6776
4905 7970
7064 8336
4965 5806
3879 5359
279 9980
1239 7578
7928 9838
2585 8595
1286 2671
3175 7377
3770 5308
4854 4891
1292 9804
1066 3570
1669 9727
4248 6249
134 5024
3391 3447
2854 7672
4862 6179
4199 8050
4230 5185
2270 2962
1080 8056
5576 5936
5997 6195
1876 4728
7527 9507
9645 9872
1049 9645
7912 9089
6737 6907
2516 6751
575 9991
186 7964
1056 9806
24 1257
5049 9546
3117 3184
2117 4238
2262 4656
30 742
838 9812
5208 7324
215 8372
4876 8571
2711 5650
3989 8482
3858 9985
6914 8647
2540 7229
632 8431
186 7856
136 8264
1978 7462
4048 6847
1610 7066
1236 6596
3448 8774
707 1785
588 2359
7148 8935
1730 1883
1288 1538
1160 8937
6732 8239
760 4802
3523 6329
371 7730
5560 7752
583 968
221 1784
1697 7075
4806 9801
6549 9020
3440 4116
255 3354
1199 2634
851 9764
6732 7192
440 6517
2453 9569
2788 9559
3223 9716
2203 6654
854 5339
2440 8287
3137 9447
1124 2985
3632 5454
246 8903
1323 8298
480 9070
6200 7038
6334 7038
5114 7823
4083 7083
994 6258
2055 6877
3853 7789
1150 5522
1506 5386
2898 3661
2101 6764
8162 9226
7594 9937
4036 5695
1659 4581
2610 3608
3207 3598
6911 9880
1524 8594
2534 6767
8177 8982
2247 6939
743 9951
2360 8048
2759 8282
8385 8867
892 7270
5799 5953
3421 4200
2860 3675
1927 8654
3370 7389
1951 4581
1293 6567
2180 9514
4281 8249
2500 8701
6193 8445
5030 5563
5238 9942
2549 6378
8968 9043
3634 7354
62 1457
967 3549
7314 9078
822 9318
2312 8128
815 6124
6097 7165
2642 5788
4398 9938
2 2345
655 9555
8848 9099
3029 7890
833 7871
695 9627
430 4714
4754 5520
2224 8365
3812 9733
3640 5011
1104 3904
3146 9872
393 402
642 3321
2469 9135
7861 8550
3338 3397
512 9627
775 5836
5377 9067
394 8588
270 8818
148 719
2371 5567
6319 8274
1795 5636
3811 5953
323 2413
5797 7559
2075 2657
7189 9446
3297 6082
1294 7690
4790 8610
3811 8289
172 5105
5841 6555
330 1527
4303 4550
1932 7977
1759 9217
1055 6132
996 8935
414 6301
5085 6922
424 6494
4171 9211
5864 6394
7247 7293
3599 5787
3473 7368
4 660
5121 9504
6745 9297
4735 9963
1191 3633
1832 7342
4898 7217
6004 7313
820 4629
723 4962
1695 9030
8689 8957
5191 7964
2049 4832
6837 9007
4058 4207
1503 3612
3459 7325
2628 7922
7204 7754
313 3522
4998 8508
1949 6816
141 4233
1925 4015
2756 4172
2262 7047
7886 8983
1570 3787
2781 5397
3397 7615
1292 6960
2854 7861
6842 7257
4732 8739
1232 6128
6211 9080
7928 9101
3759 7186
3759 5200
839 7136
156 3659
1133 9303
2960 9950
3478 6678
7313 9996
1561 3859
1369 9516
2902 4761
8230 8621
7810 9230
716 9365
1883 2045
3593 5288
728 7389
647 8484
1821 8751
2153 9224
2094 5382
120 8674
3482 6625
6302 7262
3293 5706
6761 7022
825 7443
5660 7758
1099 2084
6520 8387
436 3955
140 5125
3758 5513
872 8723
5626 9342
3592 8190
657 4368
1226 9709
230 2840
4209 9061
1165 3054
434 7679
5078 8463
1640 8945
1547 9656
2003 2059
2293 2572
1355 8668
2989 8920
2135 4578
4511 8207
1440 5221
2126 2287
51 1538
687 3442
3601 7353
1543 6810
72 1826
2959 3685
2515 4691
2606 8522
7957 9131
3399 3728
2325 8997
6742 7816
3469 9385
3283 5997
558 4725
5189 8657
1629 6032
650 756
1381 5930
3501 6893
7501 7804
5928 7010
2132 3125
798 9029
2563 9993
4516 4592
6061 7539
1422 6641
5510 7436
942 1803
4536 7459
3163 5033
1671 3181
3899 4135
7001 7868
2457 3824
5459 8373
3359 7833
5752 8366
2204 2597
3484 6781
492 3445
3248 8002
4444 6594
4592 9727
3167 4630
2041 9480
45 3399
1213 8574
396 1936
7090 8512
4397 5701
5923 9123
833 8289
4212 7870
5991 8769
5082 7726
4311 7354
109 5491
3252 4566
3372 7371
2737 9075
4469 7913
4856 8322
1535 5713
2 6038
2455 6622
6997 9344
7740 9617
7928 9853
282 844
2489 9360
20 5045
5858 6038
6055 6552
696 1652
9123 9240
286 3703
165 9600
3604 8000
3079 9310
2415 8098
1699 9914
3182 7782
5940 7504
5582 7796
291 3000
5063 8399
486 4407
1074 2362
31 8967
6715 8934
676 3521
6154 8372
3740 6962
297 4922
911 9282
7423 7708
7001 8244
6481 9935
4110 8895
3602 6210
708 3180
284 5333
2208 8047
632 9722
35 3316
6189 6501
289 8565
7409 7436
2152 4210
3640 6623
1441 2169
3196 4660
2117 5421
1463 4631
704 3825
716 7097
8979 9366
705 4989
3921 8484
5287 5767
5146 6545
6859 9076
6251 8668
2125 9338
1423 9820
6430 6455
1122 4230
1612 6309
927 1251
6474 9908
4497 7075
6678 9415
67 7977
1425 2955
6135 9661
1500 3772
1976 7673
2803 8354
3430 8452
3394 6580
1718 8546
765 9446
2972 7116
109 3665
5903 8227
1108 5355
2737 5492
5675 9797
6332 9801
787 1513
9177 9973
557 2219
4297 8195
1231 6859
4505 9127
3015 5887
3371 6946
2215 2828
284 8742
7624 7845
5447 8068
762 4839
1319 5925
1680 2898
1373 1960
3828 9558
2444 9417
4612 4944
4493 5747
8254 8362
523 2692
4609 9076
1423 2491
2104 5333
1677 5754
1271 9267
2119 4409
2387 5392
420 2456
4169 7986
3727 5426
7696 8256
8257 8781
1887 8718
5 3934
3007 4548
3754 5300
7372 9327
7169 7278
4922 8260
6629 7822
40 8587
7914 8829
4815 9302
1133 8929
1733 7204
2051 9994
272 4665
7240 8097
3327 3856
1828 3011
2227 6463
6595 9527
3441 8344
6199 7312
49 3051
439 9393
2430 4284
2268 4222
6447 6596
5000 8156
2913 4926
3367 9297
5538 6785
2656 7256
4681 7393
4223 8235
2767 4054
2235 4718
1790 7980
558 5264
1631 9155
1032 6352
6589 9281
342 721
2897 4056
5589 5639
8605 9369
5308 7612
4697 7458
1800 4130
2531 7089
1634 8527
1622 7241
1398 3561
2647 8432
1002 5547
9362 9698
5673 8383
3510 6326
7801 9961
3782 4570
3317 8146
6895 9859
3008 4129
1619 6125
907 2950
3649 8592
650 5509
3907 4686
3201 9139
2745 8859
1950 4195
1747 6310
3061 6621
3572 9311
4353 9876
1254 5394
3165 6449
2678 6819
8753 9482
852 3401
5005 6540
1782 2517
4460 8174
907 2253
1688 9005
1080 8597
8413 8744
5407 9674
2546 2620
4677 5893
2803 9335
327 9033
564 8717
5342 9693
476 4174
5567 5647
2855 8973
2387 9393
3189 3665
3056 4533
6120 9960
6543 7848
790 2792
3126 3316
5412 9910
1503 7131
8019 9234
6988 9955
5489 9339
6208 9026
8517 8693
4391 9592
437 2610
65 523
338 8791
1 767
2208 7068
1200 3831
2736 4972
609 4824
7792 8410
3031 6812
8055 9049
3948 5760
5286 7411
80 2753
7264 9422
1149 3462
3883 8260
2682 7072
4569 9756
4197 5683
3653 8966
535 9426
2877 5069
1989 6327
7413 9932
718 3131
3596 7385
186 5256
198 7296
440 9044
1350 5293
507 3621
696 6526
6233 7756
491 6242
3283 9261
138 4663
3627 4375
2654 9467
5429 8641
3337 5067
3328 7462
3099 3209
3207 9387
4902 7434
2443 4036
5122 6912
4298 6236
2035 4470
1345 2074
5612 6547
1064 8211
448 9928
6802 7805
6124 8644
675 4494
3531 4788
566 9920
6115 6609
1006 5762
7535 7804
682 6833
2552 9348
7753 8966
8009 8892
5607 6553
375 940
2818 3805
737 7708
7335 8389
5432 6966
894 2444
1314 5770
6212 7831
1408 6829
1611 7454
6576 8522
4011 4499
4371 8683
2468 6028
2535 9007
2783 4642
6628 7931
331 2711
7715 9963
2925 9650
2144 2440
2004 6567
1099 3980
7616 8974
6988 7419
5348 9833
7060 7524
2947 8133
738 5960
3367 5043
1634 8461
1231 9505
1157 8573
5065 7451
930 7069
8040 8339
3119 9529
2797 9478
6306 8122
7398 8054
5 3197
1899 5066
3115 9006
6733 9357
413 1716
856 5669
2871 9319
5785 9029
1764 3336
3878 6440
7859 9324
6364 7955
7372 8711
853 4876
3478 8950
1682 4206
721 4168
1435 7712
2027 7358
2906 4294
9769 9888
6912 8174
6341 7153
5821 9369
582 2777
257 277
1294 4740
234 3528
5320 6872
7988 9855
1455 5331
2150 2446
1640 8760
4300 5207
3882 7434
2297 7569
6504 9776
3560 5168
1774 5313
504 4291
2094 2285
6744 8482
245 3542
3077 9666
3870 9302
1034 8428
994 9524
7850 9517
1317 3761
572 2890
4228 7963
4792 9991
5544 7640
5537 8684
991 4005
4826 9575
425 1150
72 5950
8205 8927
3493 5006
438 7212
7840 9179
990 9940
2788 4665
1172 7207
2141 4036
3514 6462
2277 2648
3961 6693
1625 4156
5381 6427
324 7756
2502 4200
771 1800
1746 9815
5318 5324
2716 6603
4194 6342
5375 7292
745 8163
4231 4423
3107 7922
146 8100
6187 8927
7422 7447
765 938
28 645
2875 3105
3338 9925
2304 5733
2238 9351
6448 9089
2347 3336
5831 9120
793 6756
600 6590
3600 8097
8853 9568
1153 7678
7772 8482
78 479
2039 5061
844 5122
607 1008
4268 6691
3863 6871
4718 7385
2481 4625
5538 9110
342 2925
6035 7701
2690 6721
401 5720
4028 8106
1015 9326
5590 8253
4315 6887
292 4501
4977 7501
3783 7292
4141 4785
1131 8454
3609 7893
174 7663
2108 4235
6194 8367
3448 8470
2488 3473
1977 5472
1096 3508
3902 5671
700 4740
2367 3183
326 5024
7060 8518
6251 8120
6122 8235
6791 9525
7696 9668
8981 9766
3549 5260
1921 6745
3263 9592
3309 7493
6288 8123
5634 9585
3162 5753
7862 9556
1224 6524
632 8598
520 8128
3808 3915
610 3857
534 4276
6682 9632
574 4577
6073 8090
1821 8621
756 6311
5756 6168
8746 9431
2022 8116
5060 9619
8057 9623
1694 3561
5064 8277
3966 9991
6019 7746
420 5049
4780 6303
5050 5898
907 966
3341 6492
5063 6591
22 3727
2198 6477
648 5172
262 9832
85 1797
91 2780
335 7341
784 5218
3251 8440
1487 4143
5059 5839
2877 7970
4473 9391
1424 9456
6892 9189
3881 7789
7600 8229
6853 8709
1642 3936
5857 6758
5189 8285
5898 6530
6383 8265
3322 7273
3406 9896
784 5339
3246 3491
5491 8098
7131 8653
3922 4528
4741 5385
6325 7506
1425 9536
1065 7015
3971 6901
965 9063
3343 4363
1392 4929
180 5575
2052 6436
1054 3887
1692 8079
4238 5215
943 6271
7832 9639
4268 5323
4158 4697
1360 6559
3440 6632
4047 5849
1320 3225
4112 5978
3979 4402
5622 6423
522 6628
6150 6579
3822 8619
1776 7376
2109 8754
6653 8368
1807 7894
1545 7894
2813 4147
1906 5392
2207 4566
1644 9593
1109 4065
393 2663
15 3040
1717 6136
4726 6443
5323 6433
4304 9423
5904 8630
5434 5446
1129 8854
1788 5521
757 6767
122 5502
6868 7101
4132 7626
1902 8023
5406 8767
4443 8198
3278 8919
494 4034
5003 6320
1123 4471
2103 8134
2602 3159
1659 5942
4055 8961
1252 8264
2573 9517
4075 7627
1372 1913
1043 4892
2154 9533
1831 4184
1428 3013
2522 4038
1763 7167
7146 8519
2266 9481
466 7476
242 3796
428 6955
120 652
5176 9486
6494 7812
909 6999
2683 3353
531 7053
1493 5478
3556 8122
5586 6617
8843 9995
6224 9348
1795 3830
422 1404
6765 9443
573 7723
2887 5748
3100 7024
719 3347
1732 2498
4768 8092
284 5082
459 1407
3850 6475
4700 8860
326 4032
4615 8264
3524 9688
8075 9490
2041 5175
1788 2743
3362 6428
4814 7161
3849 4560
1953 2847
4045 4206
497 881
198 319
1393 7583
2639 8248
2135 4958
6021 6787
3492 6622
3067 5692
2571 9955
1467 2055
453 730
377 2132
201 2172
4332 7767
1390 4023
397 3804
8356 9072
3282 6785
5439 6287
26 104
1648 3500
6486 6779
473 1318
6030 8714
852 5781
8168 8499
6738 9703
2478 5189
466 7960
6285 8711
5796 9715
3762 5557
686 1547
4478 5498
4027 4808
5488 9333
2122 7742
1443 4973
4584 5665
709 8132
2715 4055
6165 9023
74 3420
2885 8667
1273 3744
590 2253
8162 9098
7520 9860
6123 6811
51 1450
345 6623
4629 8296
4181 9826
3861 4223
2887 6232
1722 4738
4081 6212
6474 8731
887 7091
5639 9852
4467 5201
1874 9747
3369 4700
623 4766
5751 9312
3244 9889
145 7622
7583 7822
5896 7155
8692 9155
1864 7194
5475 9084
1893 7895
5242 7304
1744 5328
1983 3624
1897 8539
5758 6174
7996 9573
1519 6378
6908 8033
5982 9036
7465 9119
3645 4877
7511 9006
6341 7168
6029 9791
98 6355
4936 8402
9161 9202
7487 7602
190 467
1745 6842
1275 8088
1576 2603
1309 7443
63 2843
4670 8138
4778 9169
1861 9353
5393 7715
2850 7652
1859 4059
4326 4578
558 7925
5315 5846
2512 7593
1760 7729
8816 9325
890 7846
1650 7076
3811 6054
2642 9285
1801 7393
5264 8365
3562 7686
121 8459
3493 9801
7245 8203
1083 1865
9091 9506
3016 4399
891 5078
3664 9804
6043 8224
7559 8255
357 2929
551 3963
4704 9317
1237 6883
6359 6474
1691 7090
5137 6432
7298 9611
7494 9028
7270 9549
4056 9510
1606 8214
2387 6564
396 7472
1635 4714
3739 7884
2015 2491
2052 9432
7735 9090
3674 6183
792 2224
4090 9804
5898 7432
4883 7454
3162 3298
4493 8208
5570 7603
1360 2681
346 1585
2322 9185
5713 8591
3232 3973
8906 9702
1007 2270
5905 8532
6753 8104
939 7468
5170 8837
5698 6741
3222 3699
9230 9533
8380 9134
2494 4946
319 6033
5219 5989
5062 8486
6320 7956
1580 5020
7787 7802
3840 5963
2517 5869
2116 4771
1778 8913
3263 5393
1153 4660
4305 9971
3066 5522
5055 6002
2505 5751
5863 6441
2943 4930
1105 4094
14 9490
2598 7376
222 6221
1070 5564
1301 8880
7949 9153
1729 3665
447 5558
2346 4536
8504 8917
1157 6657
7793 9845
5592 7267
148 3424
6065 9665
7312 8983
4425 9110
5368 9737
662 1430
6114 9298
2071 3550
990 9634
1740 6419
107 390
4470 5325
596 783
2010 6953
5136 6354
2323 5198
3437 9356
981 3519
795 7035
5022 6188
3045 9734
490 4184
1412 9340
2234 9448
6581 9420
160 2215
6656 8776
7124 8881
1763 8779
4617 6260
1417 1726
1353 4451
1344 2416
4038 9064
6560 8021
6357 7167
4244 6688
4383 9247
3509 8454
381 6240
3575 4055
593 912
395 9558
1 1000
6570 7167
1148 3874
1279 9726
7710 9247
1019 1959
79 9443
213 5996
2016 5266
1159 8089
4392 8370
2687 5205
1353 2478
943 8730
7980 8061
7524 7552
2326 5199
2923 3203
1837 8943
5108 7264
5565 9166
1611 8371
902 3710
4274 8270
537 579
287 8281
5211 7133
5531 8535
137 5075
9261 9622
1678 8546
6272 7752
6146 9562
5688 7701
1497 7976
578 7935
243 3515
1223 8905
633 3441
660 8270
2358 3811
6986 7509
8457 9275
966 5307
1657 9362
4873 5044
6299 8757
2159 7543
1046 2792
65 7306
538 5769
2771 8824
247 638
1898 4469
4095 8096
3575 7343
4339 6278
3767 9728
830 1632
3376 7362
131 1594
248 5148
6823 7868
3924 4723
4149 7285
5329 5381
3314 7652
4797 9721
2066 8375
2215 9666
343 6361
4114 9435
1910 4600
5189 9952
1328 8153
5951 9521
6312 9234
1622 1689
7733 8439
2048 8442
2681 5911
3546 7113
1769 4597
872 6301
2945 7152
1322 6766
5854 9295
4753 5305
2 6152
6681 9976
181 5400
4052 8412
5727 8436
1704 3835
5897 6898
3450 7526
4706 8384
3875 6012
1155 3098
6268 6316
4457 8582
4670 9629
1946 7505
4085 5677
6521 6846
427 3712
1134 6314
3811 6377
4607 5493
6310 7831
2031 9454
6654 7375
446 5159
5800 6039
1147 9636
8741 9595
1153 9158
3992 9054
3235 7614
1313 3697
7491 8222
7818 8388
1889 4796
5644 5647
585 6607
6251 8311
4955 8283
5958 6746
7319 9872
469 1965
2544 3680
4515 6964
3968 4351
3007 7319
4132 9414
4099 9237
4897 8463
8586 9549
1045 1788
1141 6680
468 5685
7563 8633
3578 9013
6563 7206
1769 5202
7032 7950
1989 7191
3155 7338
3709 6463
257 4832
1281 2940
1105 4404
2621 2974
119 2912
421 9895
9175 9247
2339 4951
4282 5049
4434 6086
3608 4058
3744 5639
5817 6756
3950 7959
9514 9844
323 3092
4574 5571
1150 5759
878 8040
4601 6199
5523 7935
5416 7580
344 5366
4676 4801
3967 6327
6692 9319
3368 5244
489 5461
6898 7438
5795 7347
2185 8311
4480 6323
1197 6450
5251 8186
5871 9557
381 3154
602 6277
478 6470
4148 6523
371 4129
6539 6983
4373 4655
3196 8291
9608 9785
2545 9233
475 8387
1614 7677
4857 7185
6949 8544
5027 9057
3549 9089
6699 7615
2547 4849
3395 8622
6005 9678
2502 5601
3381 6472
8398 8521
3496 4732
5109 5864
1913 9114
2424 9064
1232 1317
7431 7685
4306 9418
2295 4749
1560 9255
2864 4906
3480 4909
2800 5150
71 4668
4240 4368
692 3029
4379 9896
2925 3869
3415 5948
8731 9983
1651 3371
4216 9380
7146 7637
6136 8003
1081 1269
2060 2078
2588 4449
5790 7366
7825 8191
6130 9915
1160 2087
1478 9307
616 7356
4362 5004
303 7125
1417 8573
2224 6158
477 3225
427 3633
7297 8974
1108 4785
3126 8181
7508 9194
7150 7500
7533 8204
1351 7401
1227 3430
4179 9848
1273 7747
4714 8960
2782 9539
31 2128
1402 5942
6551 9571
2397 8422
4405 6929
6631 9271
3405 9932
2735 6202
2945 4992
1809 6939
8001 8430
7608 9667
4079 8341
2047 4781
1310 8689
2172 8196
2189 9560
3555 8829
2483 5348
2861 9172
625 1941
4559 8685
3000 5803
923 7233
5444 6338
4452 5526
8717 9135
2303 2384
3023 9355
7192 9055
1447 6829
4365 8001
6092 6266
1393 7532
2848 9768
3798 6907
1401 2926
360 5928
9969 9995
5714 8040
1691 4193
5211 9900
2100 9316
880 7132
80 7042
1439 9570
164 9665
7127 8818
1165 8055
5244 7044
839 6313
4559 4726
3346 6453
2984 9255
2509 5993
785 2815
8694 9245
5153 6633
5261 7627
946 1191
6694 7889
2341 9563
932 7443
1687 4838
4074 6145
1028 7905
3053 3878
3029 5470
2321 9850
4099 9292
534 1139
3137 9618
6987 7360
1314 2004
1067 6971
3732 6502
1089 7255
5225 8993
4084 7893
8306 9671
476 2073
4696 9174
4991 6059
208 6459
4328 5220
3609 4072
5615 6182
3550 7141
5707 6414
1397 7492
1316 6601
7864 8693
2532 8060
1093 9710
2325 8750
2051 9679
3364 6870
2034 5834
2471 7821
5401 8293
4415 9016
5485 9455
81 4553
7859 9517
1620 1764
1673 9238
7156 9774
1922 3297
1693 2242
1364 7436
768 8085
3523 5358
2642 3623
1487 9758
8049 9991
246 5007
3587 4067
1809 4524
114 6248
1741 7544
7703 8078
6949 8370
2028 8769
1080 5583
2374 4747
6427 8968
2232 7781
4319 4595
6089 8909
3204 5433
3188 6886
2627 4375
222 4505
514 1910
7176 8268
2838 8759
4259 9950
234 5239
2311 9767
4537 9140
4432 9612
1794 6508
57 4559
766 818
877 2083
601 2673
3210 9691
6398 8509
2948 8459
6903 8910
928 3741
1010 7981
3782 9853
6209 8987
1357 3366
18 6903
2468 5792
5964 8927
121 3389
2425 5156
1132 6402
3054 7084
9844 9921
5052 8781
1248 1329
3216 5133
1074 3162
1263 4081
1483 8322
4685 4823
6400 8410
5094 9946
1238 6010
4462 6700
1155 2040
2151 3762
8097 8718
7241 7979
7060 7409
6208 6375
1285 5718
6572 9806
574 8595
7943 9419
4242 4603
2552 8657
85 3708
5325 9182
7584 9486
4580 4598
1027 4901
656 5897
2304 8262
7870 8796
2854 3481
4859 7810
480 9054
4189 7049
2083 4772
3884 3969
2846 6222
6115 6160
4315 6370
2890 7726
352 8724
2069 7991
2530 7154
625 7836
4807 5297
3167 7216
2604 8042
4992 8985
680 2066
3095 9528
4475 5726
1025 9648
75 3649
4264 4496
2170 6474
6184 9306
2194 4845
5815 6928
4416 7482
3330 6806
4505 4558
2292 9325
3422 9549
1942 6997
3210 9141
3680 7858
2604 7116
1747 8707
4205 9406
549 9022
8704 9506
349 5470
180 265
247 1258
145 7626
6542 8317
1043 6790
1554 3330
6838 9133
2189 5561
1714 7254
1588 4109
757 2262
1620 7067
4024 7789
2704 9390
3356 9316
1610 4164
4546 7834
5838 6925
4415 4641
609 2778
573 869
5710 7413
5995 8040
1248 6148
2425 2512
1208 8964
4735 7248
4895 7200
1257 9351
4817 9761
3342 9502
4137 5572
6886 6972
2555 4958
2450 4676
5254 8981
125 4772
5018 6489
4412 8894
1931 7494
8835 9679
2777 6239
7966 9001
2663 9106
6818 7447
1303 9359
2070 9760
2543 3793
5550 5717
70 756
894 1203
8297 8993
1323 9947
3420 7220
7081 8436
1537 9647
4230 6042
5482 7653
3617 5290
3075 6956
5984 6359
3528 9382
3808 7975
6351 7055
2342 5092
1246 5418
5881 8826
1462 8197
3888 4477
1274 6914
450 5484
8870 9915
3533 4774
2431 4797
499 1404
490 9986
6567 9275
5759 7301
3493 8758
6479 7590
1661 3014
2230 9587
4424 7281
1162 6070
965 4250
8478 9697
2506 6260
1747 6171
3763 6754
6113 6193
3427 4324
5982 7659
2024 5173
558 7245
3720 7996
3816 9919
5769 8490
8420 9318
1673 8743
2161 9729
1480 2686
3723 8415
7145 9386
2931 7432
3903 7299
1596 3800
7146 9988
854 2934
312 665
3806 5151
4938 6468
3317 8141
1092 7421
541 3117
1401 8176
5703 7210
4276 7931
42 1191
169 6628
1981 3503
265 9076
3754 9283
3222 4992
1198 6248
542 6846
7730 8561
2759 4709
3082 7843
116 3476
888 6207
2402 5603
1374 8581
4125 9576
4956 8750
3621 5384
2967 9024
7289 9003
6785 8009
7617 8805
3909 9463
6127 7514
4733 6197
3824 6386
6262 6921
2088 2676
2870 5829
5242 9228
1754 4493
4049 7901
4582 6149
4470 5450
4530 8470
1481 3809
8177 9263
954 4817
2481 3960
2410 5477
1252 7894
1001 2125
5763 6577
3230 7690
3343 6813
6760 9655
1469 4630
220 284
2915 9786
1251 8837
6445 9499
2078 2873
1047 6334
1403 7430
2588 8573
1306 7497
6280 8385
41 6819
3095 3193
8196 9289
4729 5623
5715 6657
4364 8420
4049 7096
4068 5160
3815 7683
3020 9169
141 7171
5182 5605
5846 6588
8189 9515
3017 4670
3046 9572
8352 8984
2590 6323
1411 7900
2010 2301
7682 9189
2718 7757
9523 9734
777 3827
1565 5105
6219 6540
1900 7310
3292 7763
4751 9475
2361 4221
2772 3038
2054 9174
4033 4765
285 2052
1902 9305
6962 9250
759 9556
3225 3508
931 6630
341 5367
6239 6640
2232 2535
2015 6967
6800 8922
165 3155
5846 7877
1742 6320
4698 7784
3208 6722
3650 5643
7805 9646
3681 6942
1468 5522
8216 8951
6098 6371
2708 7604
1414 8211
9175 9788
6031 9993
1826 8384
2975 4686
8981 9922
9096 9909
3243 3683
3299 6998
6874 8440
899 1056
4009 8851
2058 4462
5614 9597
3224 6595
3979 7925
1040 3661
6637 7709
7583 8607
7053 9610
234 9684
346 5724
1781 6813
327 5445
64 4577
9027 9930
3050 6149
3786 6712
1668 1917
2647 2763
3978 4667
6113 9402
1865 2202
2269 6981
2255 6854
1520 7388
1270 8445
3615 9984
2727 7078
6225 6610
2302 8097
1756 8567
5223 8786
5548 6331
4015 4441
2086 4537
718 2455
1717 6626
1590 4370
1127 1162
1096 3798
6906 7173
841 2525
691 5964
4066 6594
2304 2895
2581 5684
3054 5113
1469 7463
2608 5521
780 7884
503 7081
2368 8020
751 8351
3175 9954
1881 8575
6867 8534
6330 7134
1934 3254
172 8674
3046 9251
1733 9845
1059 4976
1864 6127
6451 6606
5289 8564
3107 4279
4261 7075
2502 7323
3696 7303
5820 7153
2699 9328
8755 9726
2798 9307
3538 5404
564 4337
3045 3256
7370 7936
1083 4636
5470 5993
3259 9372
3128 4459
4210 9631
4981 9508
4526 7881
5252 5541
2886 2896
508 1143
6566 8555
5480 8108
1190 9579
3377 6102
4277 5864
3201 7337
782 1153
31 9327
26 2567
355 9424
1814 2468
1475 4988
5752 9920
4234 5386
1770 3630
3621 9064
5727 5891
3194 4301
5420 8629
1537 2870
4485 6136
2752 9554
3612 5982
7459 7654
926 8085
2889 7344
5222 7597
1863 7177
2386 8184
4775 9766
2760 7873
4701 5387
4138 8428
8176 9631
6997 7973
2711 3221
4247 8600
441 6471
4776 7372
1020 9790
6240 9916
1672 9716
3583 4355
5787 8170
3397 4902
6022 8976
635 6458
509 8268
4635 7140
3396 9861
4960 6671
3021 3568
42 925
6575 8630
7712 8076
6450 6878
5244 5383
2343 7827
2515 4635
2337 6026
4711 8303
5091 7541
714 4657
7412 8723
8277 8464
2069 9658
3936 5008
6078 7945
1672 4360
1083 6180
1418 6924
1258 6706
5605 8893
4648 8368
4175 8673
3991 8098
5386 8068
1344 9375
2378 5919
8112 8252
1553 9714
79 2052
3045 7136
2309 9468
1060 6583
119 367
838 4026
494 4216
6317 9745
7592 8667
474 8179
3688 4017
2005 2826
1597 3260
3954 6122
5418 5926
9365 9751
559 5779
1856 9607
848 7868
1691 4881
3549 4087
3031 5144
2718 6899
2181 4479
252 8251
2263 8719
129 9578
4632 4953
6849 7512
567 2341
2191 4120
2139 7865
523 8421
1753 3894
2854 3646
531 3852
4495 7055
2179 8203
1269 3552
1565 6583
7129 8505
6327 9278
3904 7819
2283 6045
3950 8689
1411 1686
7874 9790
4565 8733
466 9994
5581 9838
2940 3053
4581 6462
2396 2660
3817 3851
1032 3208
6295 8134
1766 7862
364 8670
6914 7654
5157 6514
5622 9088
1382 5950
9405 9513
5401 9089
4342 4904
2297 5054
9096 9172
791 3001
402 3943
2213 9261
3663 4966
7178 8868
1555 8995
2271 2786
1580 6544
2067 4713
8892 9786
3164 7204
1788 2817
526 3871
